216 -1
217 -1
214 -1
215 -1
212 -1
126 -1
210 -1
211 -1
165 -1
228 -1
218 -1
219 -1
133 -1
132 -1
131 -1
130 -1
137 -1
136 -1
135 -1
129 -1
139 -1
138 -1
225 -1
213 -1
24 -1
25 -1
26 -1
27 -1
20 -1
21 -1
22 -1
23 -1
95 -1
28 -1
29 -1
222 -1
289 -1
0 -1
127 -1
4 -1
281 -1
280 -1
283 -1
96 9394
285 -1
284 -1
287 -1
286 -1
66 -1
119 -1
10 -1
258 -1
263 -1
262 -1
261 10086
260 -1
124 -1
266 -1
265 -1
264 -1
128 -1
2 -1
269 -1
268 -1
69 -1
91 -1
59 -1
58 -1
55 -1
54 -1
227 -1
56 -1
51 -1
50 -1
53 -1
52 -1
63 -1
298 -1
299 -1
296 -1
297 -1
294 -1
295 -1
292 -1
293 -1
290 -1
291 -1
201 -1
199 -1
198 -1
134 -1
195 -1
194 -1
197 -1
196 -1
191 -1
144 -1
193 -1
192 -1
270 -1
271 -1
272 -1
273 -1
274 -1
275 -1
113 -1
112 -1
278 -1
83 -1
80 -1
81 -1
86 -1
118 -1
84 -1
204 -1
117 -1
174 -1
140 2895
108 -1
173 -1
141 -1
226 -1
172 -1
35 -1
3 -1
254 -1
7 -1
170 -1
166 -1
300 -1
245 -1
244 -1
247 -1
246 -1
241 -1
240 -1
243 -1
242 -1
102 -1
103 -1
100 -1
101 -1
249 -1
248 -1
104 -1
105 -1
39 -1
38 -1
33 -1
32 -1
31 -1
30 -1
37 -1
36 -1
177 -1
34 -1
109 -1
114 -1
161 -1
282 -1
252 -1
200 -1
60 -1
61 -1
62 -1
259 -1
64 -1
65 -1
179 -1
178 -1
68 -1
176 -1
175 -1
251 -1
253 -1
257 -1
171 -1
255 -1
288 -1
106 -1
145 14203
107 -1
182 -1
183 -1
180 -1
181 -1
116 -1
187 -1
184 -1
185 -1
186 -1
250 -1
189 -1
221 -1
97 -1
6 -1
142 -1
190 -1
99 -1
98 -1
163 -1
168 -1
169 -1
229 -1
8 -1
164 -1
90 -1
93 -1
92 -1
223 -1
94 -1
162 -1
220 -1
11 -1
115 -1
13 -1
12 0
15 -1
14 -1
17 11316
16 -1
19 -1
18 -1
188 -1
88 -1
89 8524
256 -1
111 -1
110 -1
151 -1
150 6732
153 -1
152 -1
155 3212
154 -1
157 4049
156 5418
159 5607
158 -1
277 2009
82 -1
238 3344
239 -1
279 -1
234 -1
235 -1
236 -1
237 -1
230 8036
231 -1
276 -1
233 15420
224 14218
57 10907
48 3253
49 12917
46 4226
47 -1
44 14331
45 420
42 15567
43 2624
40 2055
87 4647
1 11063
5 -1
232 7661
9 10904
85 16853
146 163
147 979
203 -1
202 -1
205 -1
143 13523
207 -1
206 16286
209 18893
208 3820
160 12206
148 6776
149 6041
77 8775
76 1971
75 -1
74 7186
73 12547
72 -1
71 2398
70 2274
79 7428
78 3900
120 10439
121 8823
122 -1
41 10286
123 14000
167 12074
267 4690
67 7127
125 12435
