516746
748921
308635
401333
388365
531267
870533
210092
277377
234932
919888
865908
595703
340881
682381
269674
746939
721671
575019
930059
985021
507976
847765
667617
396725
157166
456891
812765
483853
617427
709148
773688
802603
541285
758368
238446
501386
465978
461962
788034
334991
846988
899935
511566
914487
450694
341894
225735
795403
233975
927145
748303
923334
185854
454235
840250
292690
789625
708740
153184
822223
236700
522506
466284
888268
266354
811646
893218
363488
922450
201067
135570
714081
261782
571708
945718
664422
129368
877751
448539
441284
983645
254527
631012
661958
734619
354531
370915
935405
628079
238179
348215
319629
240198
679481
503080
452978
254602
266016
397649
757041
978315
640766
376313
889977
990511
134882
743200
921798
272193
127913
308095
785271
795004
823440
434499
100359
484026
307083
485305
646298
831456
300637
407303
826625
256064
305928
218148
251483
820925
548348
781855
905618
148759
193924
373328
889186
949815
122490
418208
872503
412820
502802
286884
426095
411913
134173
941112
624569
351559
539617
885933
783969
525218
459974
766646
102452
437547
242911
959083
695927
270207
762272
387987
379264
156170
646086
690216
356128
731610
615432
990191
980874
763172
934893
631553
990164
514866
652721
963896
116962
904970
251412
486801
714263
578183
485570
932136
243873
350006
893487
468823
902878
404728
741753
786417
646994
726599
487598
497969
119412
669092
924887
567857
600189
973387
136264
528313
976836
159473
924667
927775
449479
552765
296201
838263
629956
886071
877955
851189
334107
820105
879630
235553
483278
332170
277140
942562
671644
412436
700281
239840
310260
938673
434721
725621
470895
112060
704342
823015
399097
302814
698598
240305
281537
599885
756645
658598
469657
808688
389584
185748
851770
142482
152601
873897
841576
317966
228229
751775
622507
755522
338295
557818
126495
555955
412133
396811
770634
730742
406802
729377
977469
263264
761423
172136
484025
715824
217063
646614
418171
673060
647833
613529
986528
730809
812894
883450
153869
590186
437837
336346
415472
352607
688339
661453
537977
263134
935381
369680
385915
942442
449863
368010
177342
760461
554686
567213
919437
624916
372333
816353
928769
517491
374681
137712
768847
221370
754766
975688
544970
425282
662625
548888
641779
687401
407148
476210
877758
274722
238078
403404
873457
419150
339879
233906
182016
742036
948334
680407
413520
138808
836339
831950
162942
374816
391522
519990
928961
426458
411356
490477
689969
843400
804463
881312
695998
147710
484840
188470
510164
960357
907750
496640
122432
802772
690761
142208
895234
710300
524649
351613
542068
341946
751735
645735
465595
422007
918198
384645
776437
663778
760591
373031
309548
275428
354712
224291
796313
277555
601467
592938
457982
494017
106754
593018
945456
112156
909406
373694
108861
494487
640473
941772
244935
415040
546579
945737
319001
531880
380494
914659
644900
720331
489732
943057
394036
159864
444603
225681
721791
110908
854305
627078
759236
190701
954556
257485
197723
776553
125660
244666
209992
607205
845953
599560
920824
929395
482643
399707
528110
222329
269341
633108
441236
531396
321763
407713
696918
401862
276925
159017
975012
585084
888437
696267
867703
239485
614201
219031
933872
184587
799965
312726
969834
889794
135299
830263
954352
697648
779888
628946
588872
215630
950773
587192
383861
231830
209639
868823
189411
244621
778603
982932
734552
414700
926587
960028
518396
576954
124962
676939
310348
997860
886904
964627
689947
486799
855523
516415
535572
762502
188349
889060
696459
599095
484412
835956
979592
844850
106048
230829
979179
682280
203186
325673
613542
798002
225608
660084
979697
771045
625413
356641
979610
332062
346560
276848
556018
232595
146833
330346
887482
660277
814289
233787
976375
343199
422967
825770
900749
842600
814268
124889
935635
821091
408395
602819
454183
835351
406747
262128
851837
808937
608505
367295
171255
795487
396986
358011
760868
376907
479352
980432
461017
812905
430501
101240
704975
639062
483990
878786
415744
994166
367730
495012
688377
369683
515315
109133
697911
520213
338169
839064
940225
749408
590729
889682
644062
597549
739110
152797
214447
318402
696905
177923
655871
504778
792689
823344
152063
661164
432916
391321
206913
848378
867655
348057
347852
199647
270091
665055
260570
945448
824372
318297
737076
933730
490371
395359
119250
407261
636447
964560
464382
888923
819729
312480
859624
390558
832905
566169
778013
677092
912364
393433
775630
112900
109851
430498
999950
102785
119039
435832
573980
522208
596478
287110
887274
278741
991930
792199
149411
960525
784751
304899
302095
666892
701946
807413
461989
161825
263786
963742
508651
790717
204171
632764
550742
770490
896244
707503
555064
293303
559177
642667
110101
119112
924388
461406
338212
288904
443345
648825
774752
993985
313030
453583
693610
345016
105723
397089
532579
990969
741687
378238
689629
152672
262824
696220
738665
927153
253962
978314
932199
424257
202326
998835
828478
935698
803107
885537
429781
750127
676668
741054
310107
180591
170756
783625
344414
182915
381946
713166
587604
103239
407002
734200
635331
923309
283273
379921
922819
664801
749369
981444
239574
449656
807670
784704
151613
871003
664779
920036
561051
445165
502610
433430
862327
252456
991461
640609
606156
380039
167362
183519
961624
300377
149508
709254
973256
517369
763481
362911
250113
568716
242972
940196
249585
594496
264701
812581
368457
510607
358889
364681
349044
967904
455067
685596
547279
470505
223210
890000
297648
790924
424391
617781
166705
675904
718103
510770
492752
613141
684984
389140
421285
905887
730421
697451
993902
348191
805708
502779
261358
943407
534042
353117
546282
926869
599140
571427
528461
939484
163486
881338
417061
568822
376012
816679
964666
868573
771502
634078
726965
140637
801333
118887
354490
323654
565399
187378
145780
222130
513400
325375
404173
171580
250002
635272
924161
249928
588173
317589
190215
526839
610900
696629
269359
196709
332298
767103
457484
133509
159707
694337
135596
573584
691314
933173
497903
785178
481073
530662
765509
305872
236262
748739
166837
569735
669508
778196
216967
421957
925805
799847
241130
380215
422348
562579
516512
380380
679412
264184
735118
720637
582325
749153
209451
836139
160397
530535
747678
434611
556826
678523
263692
639883
881937
158969
381902
850319
439726
497071
405678
504438
576874
251643
919847
261951
529769
366476
582983
708230
579656
885969
947566
728340
721887
924262
973910
192729
784959
661734
482051
850076
732496
400752
928649
870084
536225
424047
607620
372351
199076
433656
149743
664577
150039
859797
651427
939833
762658
495626
875026
200720
183556
800949
681973
594839
674067
653077
419510
655415
773545
668483
916538
128372
751908
120123
444968
591945
488624
525534
673811
819825
214863
291953
835874
833017
262951
101591
769990
258137
934149
694244
608551
937092
495322
866182
965245
406573
219094
908185
934558
969572
933178
134743
774665
597909
369017
867831
579777
415007
785612
617734
189332
266209
718551
421000
161292
398020
353674
137887
770037
952263
931630
131315
575941
195231
534516
632788
333180
395642
190779
798411
807389
649125
328411
942455
334035
583492
193290
746864
338313
675599
976272
938849
834204
869168
117214
231166
364789
891557
801942
985834
819601
647597
348893
861123
703386
777544
148466
776401
566522
745536
681568
568053
899423
260343
382097
516523
478435
451824
593062
573250
896292
773643
340419
447816
727231
953950
806691
757560
400802
723693
980299
658050
466035
866488
714074
425913
971684
739094
968048
190600
538787
892962
428512
413716
981536
867425
477779
262441
843811
699209
809282
693468
134409
536400
803908
471565
172611
924651
436817
412874
776395
598333
632318
706863
546640
496318
953728
723807
524660
111006
322620
434254
644646
813785
970817
834292
798401
425618
742607
875600
320766
851140
453200
779304
876004
237466
121394
824624
792502
302764
226527
297811
422026
991798
880505
289530
287239
187403
867708
436331
558770
838792
976723
794171
540347
856009
418526
799305
771352
981338
100979
584853
939497
605063
557492
220201
929182
306054
758705
235914
462078
528005
469513
325728
336495
792013
570512
233807
572825
456841
699800
746677
383343
709064
706419
282190
650272
812768
695104
620917
228282
197033
551783
391652
924663
340566
984334
684559
673501
415868
203549
856497
392502
325873
796039
508354
211803
194191
257927
567481
302723
470416
571258
465485
960105
301219
963804
473123
634874
693002
870837
336602
771725
964454
913733
102606
452429
945368
896099
593865
341396
378139
231827
398393
955002
718248
131200
801705
199095
358304
148786
192537
698907
583906
809293
274951
324791
451221
729515
779831
574915
461379
334080
565082
930937
600983
361711
642233
670431
646400
724502
253730
590750
752362
515833
169435
753117
574404
501826
248199
491834
501951
551324
705920
592626
645247
743135
271578
528920
460095
417581
947069
575519
517880
672575
382469
210200
393782
432115
709870
372233
958191
491059
124246
910816
681710
787631
584934
818826
195885
562135
548389
146488
340180
603743
517693
550221
788222
789299
456139
219262
864401
864615
720043
406307
450143
682475
386321
116696
323355
554969
949360
128503
127675
195106
415024
781274
813699
912020
940929
801810
150172
340025
723840
724240
313429
894838
546570
110799
367702
674238
421211
480703
857112
101008
209002
137931
310492
626616
339295
858968
875982
506538
610574
166535
373594
435223
180709
700541
414774
825439
749734
627125
190577
713123
557449
934464
568620
867450
883673
757379
836566
752281
459897
961241
139446
690178
944454
288140
673543
494407
645095
609720
178073
682299
559362
435916
217301
551284
385870
756112
730788
898751
127145
691559
235398
469732
601795
900522
870136
122723
703850
494914
571589
855231
461407
762536
764902
725578
117574
552616
549011
451487
773774
137518
372722
449789
775123
544914
653311
370641
233375
980033
620587
975324
108035
363250
656083
347787
586033
963371
105822
154743
633746
158500
429553
158042
105796
889844
472208
953046
398627
346351
146804
758474
733406
679302
186765
717719
946608
609564
567912
536539
233117
802105
574030
731544
725153
225294
627962
563692
821009
521088
201033
484684
344626
636669
866058
744003
284238
195308
664736
284674
205005
196473
135355
436229
233247
386339
323861
152417
783802
284679
197428
638933
854501
384261
735122
313157
590507
542738
495657
640649
301753
407880
809836
691855
389444
617151
223358
958543
733194
165465
116991
365980
991748
157712
356216
780592
702680
897483
794805
871328
587004
310561
171679
709894
825055
369148
149673
735751
607824
430009
338023
192272
389263
201708
180724
226151
424849
240786
287571
659892
235366
777727
426187
319706
746155
872255
584494
424586
422425
576989
777756
782243
836275
890142
680413
645891
274104
591666
587836
186570
522904
579394
238176
457057
343679
890841
962393
650352
362799
968115
806008
112209
321813
103344
369740
384435
646326
394872
824943
137360
303948
578649
660205
836008
118538
516598
185297
212015
722278
705901
294840
394772
866959
290508
700405
217494
124923
982034
712409
426436
997961
767881
797487
253475
858881
555051
480116
255983
867712
574349
351845
401156
159855
355606
290270
604105
628266
133655
798071
641607
151873
894997
331606
214663
318782
496898
994676
812188
746009
501891
269678
723238
339115
882730
162349
793679
434881
798340
396430
908728
645284
961546
317049
509914
405257
251461
783781
184824
248769
243407
140714
133318
556067
490332
906213
726174
413286
496749
554541
606049
654593
301800
927183
642936
105185
781158
962710
808301
414620
435373
148976
177258
808380
510513
704207
851052
532562
595881
753982
625996
167887
715721
917684
910697
532319
789348
810666
171116
842472
524014
504644
725615
647690
371183
310381
431855
382393
119566
418694
604698
563252
592158
676291
579565
106135
908047
266387
502856
234641
671920
783868
449575
322293
998867
288199
635242
449666
699611
131527
193211
604830
134417
531144
906374
583698
234667
216519
139002
918333
187390
399798
748588
934534
402924
407539
171202
557322
772242
521704
622388
949490
968669
223805
895098
682758
992274
779481
352362
606843
406482
891733
954792
224219
101132
156299
943005
729886
552425
990801
826746
148639
724265
301422
438733
989058
267425
867053
918605
303361
765215
105528
791674
238247
329968
342586
530431
704883
216918
143065
111487
196108
716212
624752
688587
731777
529462
729314
421787
157816
640641
737478
701714
262390
800682
251803
634813
952374
947068
378014
466964
244919
825263
621950
618000
611384
415386
544385
367924
157559
941283
989003
432317
713558
150911
301464
528950
172972
451722
954355
123708
797443
884469
850738
243803
788661
816091
801714
953618
802046
594244
477103
638934
178337
662948
578960
333602
440739
390207
784527
894172
250358
283006
725260
499702
975454
550481
607192
283871
741171
648538
471935
278060
141890
618444
950755
393244
833493
411595
732315
203617
664060
706897
166106
808592
771537
512832
982774
748565
270964
245766
125291
529519
392223
442290
921018
127097
133362
428818
465011
515613
768872
391809
999652
324788
137138
769966
768724
661337
890283
716741
602955
266852
193068
688240
431857
698762
274590
753645
889428
244729
445210
332267
108976
386213
537417
395650
674998
696827
679820
226359
260602
540395
701755
479953
202261
963334
891098
713509
570092
128955
345106
635265
679677
817199
959608
919126
642353
527811
154366
638251
167496
803847
332880
883850
809334
371146
242236
875115
538986
683456
724593
410552
365833
757289
831003
306672
488886
794058
512506
208852
471367
931053
621245
994693
561889
425279
636982
244886
572736
845872
829862
499014
200964
331679
359328
480830
917615
994370
736280
441254
742263
780425
281255
582895
702003
905575
668301
534426
630107
234810
271656
615539
698093
105416
778023
962074
413758
196674
403437
632409
636328
662960
681065
215120
652107
495522
185306
172913
384701
542124
164821
732832
989880
616981
709541
126916
341220
178142
870792
279285
659890
406732
420829
270706
339184
837650
280139
464815
647563
826794
528043
648300
929381
379989
768193
745492
337930
639960
505648
626433
307627
248962
940783
958187
371855
143495
631878
233047
646658
585184
616519
732033
149013
256181
245428
564948
139349
323166
417948
388061
912374
249080
171079
998263
753123
756552
466025
673373
977744
433961
176281
365269
906273
395369
836673
971831
665300
670392
481058
222311
703282
984769
666134
785989
824704
504631
591631
580800
756706
406332
317675
668553
377013
746989
770641
400974
809757
781352
704057
971572
340673
383800
397907
185034
257325
492661
219112
170125
426408
335230
785841
483429
744893
554843
753076
394829
802629
674382
285174
138532
864993
347995
489818
876888
960688
221853
243920
892654
779385
638279
232401
264243
574234
426154
391276
263382
478304
934709
877611
707910
779275
987132
626429
528904
568851
803672
744570
961226
435510
790909
985245
584164
729650
669701
312174
468914
804961
541708
495862
288685
482275
647907
158116
324691
250208
540996
427182
711365
623231
447480
474953
518802
909468
112288
224879
472032
392292
717890
596881
457908
187818
224253
735351
533539
705474
239683
367382
575685
957755
270482
350573
456518
739210
816448
735596
497013
346357
901650
648374
809377
403761
452818
421344
183086
954202
656202
547385
853099
943807
660633
696662
130271
606463
964780
399755
346121
401310
737092
598055
208499
780887
944667
108829
598949
243229
537554
668287
123839
485552
443775
779581
718836
133189
443747
504888
403089
844890
263125
342172
463763
101222
528206
806057
740179
112099
850182
621627
785748
406568
698715
674989
730317
826913
867291
616220
970849
605892
539404
274896
653108
939528
827024
766560
978213
861659
384824
600212
700403
692755
688241
960828
612859
169746
879119
893232
703955
497844
309058
432823
238129
623763
476636
332735
199116
984025
130644
423934
522308
255825
591421
719324
512126
869199
570772
496153
942733
673643
158386
846674
810883
674566
516638
451352
568946
849062
998699
332464
435951
606016
124081
908156
545132
537382
384001
949194
518937
190285
591642
489949
463776
808878
364626
880288
882496
417453
436425
829920
665656
508932
328833
968034
776256
752456
391851
322376
853929
466758
869549
591444
841760
606495
189534
565398
339483
805863
490844
135611
272106
825506
650950
243905
644173
905578
261723
274269
994271
253948
725087
364594
189654
852735
716511
960600
434309
943286
418950
534835
152895
739160
286651
533340
351572
438622
563824
232804
569487
416510
379342
726115
605544
643394
183061
982074
561474
335658
887718
733849
231932
448825
892663
131295
572401
821383
275037
720139
963530
520210
537555
453276
991704
957409
471882
151088
486957
553759
702630
324471
432998
348300
807760
694603
667861
106820
610895
831470
805418
603609
483395
280609
780925
719454
980930
827162
356981
421704
570593
621112
865258
175012
849851
106139
388257
448417
903028
487700
329031
291318
340053
950905
759273
451040
727569
230761
792296
645396
725471
219646
119281
698155
195630
949209
551668
481855
749740
430020
813255
265240
404733
262544
437597
240474
508029
713645
941215
474922
695872
360535
556109
936045
652519
597501
130400
178211
551915
353647
551462
912132
371303
356512
979844
483159
256316
496201
286067
655622
291022
169109
737743
294526
430342
856661
406443
259742
864950
755635
969244
138288
809614
857481
362281
793273
921785
874184
512407
349524
281308
286663
152525
401832
723027
913197
166288
471471
490509
666126
417429
657520
737276
563230
608966
738704
917992
309686
274220
436943
126086
915589
968934
472707
851028
451032
708031
990217
127463
488188
223046
826954
763692
245845
524049
977680
712782
577516
854608
299265
767050
795251
485592
359092
979044
146303
829696
166522
425031
571687
998583
968581
773446
643959
371930
279077
540861
513520
735152
981134
829108
100414
971362
682836
686540
639292
616014
799651
204136
370738
710758
501169
402339
880314
237015
511241
839279
588639
286398
345455
686038
272901
473270
179753
117679
562120
743515
808781
206813
943558
730819
795941
909368
812834
901715
454566
882848
656015
858058
782471
381265
296259
339762
879252
183081
802494
825806
669405
702977
152669
287246
968749
493032
281992
567718
409772
593033
775943
247973
983785
514850
530093
831300
713817
799961
875556
149353
975655
515409
659082
702676
900763
622672
785321
585709
172419
371224
869033
581168
645372
596303
876555
814217
655361
984668
470136
583403
625976
281081
433265
603535
887640
992963
463522
541685
921749
274239
876765
514335
968734
938977
306012
338915
117713
884949
301792
184562
774536
451642
149940
668962
423968
346902
852658
863673
269557
156770
635728
560269
797650
174880
828309
943875
285396
875587
151745
541459
305986
725994
286719
491389
607797
597667
381312
596440
348205
622242
201252
521953
314278
491614
531243
375003
466717
238657
558089
583796
380512
266738
129976
598870
609109
667520
788667
372285
519848
170578
463221
773410
333456
538772
120419
948648
699219
667187
270185
588866
198006
867797
909747
437540
604698
495380
913743
520818
126762
614407
522940
186852
643161
210412
230112
435831
368501
320414
219882
956061
898581
311677
803057
139720
708460
761511
811963
651955
664234
358459
717674
272250
181782
981505
918350
935015
721607
885995
767299
360218
126915
490769
143672
957630
627865
806165
909229
137757
470600
741121
919166
262035
241957
524827
277399
493547
331592
546129
840775
254872
229405
869805
306510
636146
416956
872391
400879
115500
432865
819096
245939
184177
787427
802639
759026
804671
334908
359587
777303
997291
631356
958398
219971
722929
839329
877350
185297
856024
936994
772171
723641
618062
579796
216308
115897
305149
332311
880437
217815
373051
970312
345256
352183
574555
959404
258269
787484
206111
774392
655028
364775
667634
187881
137706
939198
942132
857612
669451
883363
576526
425704
204962
104631
606135
382571
102521
155474
829893
195929
396149
814345
807829
942963
842294
563792
263094
138707
632266
786974
465516
732896
562343
514970
596865
822965
830003
445119
212163
208108
736930
373765
312353
481840
691634
283456
609476
553529
651332
890659
822424
254052
134806
247317
506267
742439
694489
878218
297795
549217
941356
602151
789310
863290
744536
808662
989432
169625
851839
721317
582763
611529
275916
574883
826434
292536
779681
506828
542280
429924
458823
795707
378166
667385
840358
544955
482455
345113
122776
420573
886988
504539
865864
760217
890705
218987
267616
895641
974688
578140
228016
202205
834628
112864
274933
542015
440706
976020
991802
854212
198965
295864
240604
414922
304914
521413
356296
721739
255441
257342
882871
441485
918834
198901
269031
421826
481202
486181
415163
155391
343038
982630
328324
244337
264914
836909
911441
445771
192769
491581
121490
625456
677934
589519
580122
806325
320010
921506
737088
874845
636322
689555
437649
712615
348327
484328
584523
243757
842794
528126
804824
526421
782974
845769
596310
324455
752646
744789
661030
872698
452502
343838
637922
969836
918932
622559
423663
294869
851328
915115
256187
673119
950954
861345
314983
380497
760241
509332
558024
759251
116873
340349
176739
941220
744918
202713
430261
833084
223527
467968
871276
535671
389955
372093
535125
964446
711639
687565
672733
622378
998134
234255
948301
220109
776963
603628
473233
519585
101264
466810
335157
870783
390062
325896
509921
480701
216950
326542
544303
877121
954189
255982
971296
287143
434248
383921
504014
936117
386218
739945
675453
912868
753027
996017
416747
448464
294836
929166
803945
271127
317793
870295
646937
407546
633848
719773
319703
461156
572391
410993
753399
367785
508424
794347
934221
959303
546057
899296
479064
146569
512950
881539
848434
943706
197598
797882
185341
944138
921752
318154
825216
892477
541661
660846
240937
858610
514354
918913
906191
168946
196062
354433
836307
846263
456207
758229
945094
707116
791790
782376
856520
427115
622837
956550
574219
980956
849435
999311
481461
584032
575393
366955
559167
634611
980600
727336
313041
524605
928575
550710
714243
632519
562749
139885
273409
896560
868454
125022
764302
923522
278966
527343
443226
708982
315430
926343
156712
236350
232453
662436
272743
830571
539822
667967
614618
733592
345802
948840
234568
259780
814544
625700
193338
867776
222657
524183
529444
225485
208851
349467
369950
405041
915362
668215
789365
176987
202924
761179
445889
124859
631320
681497
601950
448313
130512
880035
612951
178419
191522
971423
632895
257445
665431
385312
194209
799714
369978
753738
743900
282498
657092
252215
188732
738938
767659
133589
109016
205943
812266
800071
723866
948326
642955
831380
649596
317319
695002
317507
261309
829903
457391
863786
756561
766265
654704
303686
409428
377920
902924
647570
427591
260008
749760
886912
669247
633134
483308
556979
553809
366010
413499
687222
555505
113195
745603
664923
859259
510986
996827
249866
605389
648600
697205
953528
130813
873418
773436
203376
879722
666610
271427
585780
582857
627931
479907
753794
970514
675460
952306
379113
779702
856917
206040
816534
403815
858661
902004
750775
694769
507908
200639
335720
660329
820373
395209
889611
697284
450531
573912
138985
788973
119749
491780
965061
492051
602095
390431
862164
130158
767384
989665
680556
905122
821672
465545
861338
835378
188547
400837
868214
567300
136508
536840
246407
831170
762728
676118
894718
371516
950019
225406
220356
139174
917067
889107
352633
170924
739810
856442
189882
175029
210989
670896
746156
879192
583761
503215
937619
843158
415527
656661
816078
546089
392654
382577
162577
989579
784039
334412
649721
282548
427763
392812
620068
698790
838016
308438
482859
907446
620704
226356
592628
741166
471124
927968
434026
832685
509810
378711
616094
798543
566487
794969
472377
340359
698669
204645
559617
206667
749168
114197
283069
928048
816907
935828
613739
463817
326346
513619
708243
880208
294397
998741
545312
587612
710744
821286
179098
643265
860613
253165
360597
704049
532852
226594
295533
926863
180270
244985
336730
951571
786838
570330
681789
796457
614108
987375
122120
324646
647383
227655
411638
668918
551283
982902
796546
250556
140230
645690
205986
197668
241617
282003
615808
211292
978958
984590
435767
364166
696377
306875
674183
660635
208784
994703
947149
605257
699272
933665
634246
864309
401274
983480
337645
492160
257275
799684
294462
730914
687097
750793
519861
879408
674032
248031
967003
942354
162370
192638
756703
930705
818065
890490
340099
138660
383724
379843
282970
802396
369710
944756
908535
797656
962889
368771
744915
461604
184837
669736
767134
834828
365924
779262
202676
591558
170490
821301
852841
399832
465918
226640
246588
292790
782567
891968
228450
888007
950568
805892
389512
431640
202671
576650
606082
380557
255995
112289
253446
719735
661343
397208
622023
642672
754539
182632
280335
467887
771431
355100
423151
555890
475524
639273
983056
504201
615772
508632
851809
972749
221793
383532
632155
604615
397053
428903
144836
546482
246088
856888
340331
426400
494255
179172
430862
348334
856197
311687
802857
236353
561714
319303
979966
715987
828224
401673
677511
386700
388568
223028
143829
952604
730213
436385
340313
236567
172330
232361
672345
302056
703485
409573
492104
826814
766291
643917
797399
702002
936422
665165
316604
685657
448888
291739
224394
427210
900624
769596
595894
571198
827878
178867
261439
405226
846797
792429
622169
646514
218057
150214
205960
332112
375785
805399
208350
346938
304415
212915
451258
825075
416645
317427
830690
834228
246909
491279
116947
575898
168370
669091
562440
585034
174538
527565
449377
488854
626981
424862
557507
465978
522030
271512
367126
611311
979737
879804
143745
765457
130627
222971
544096
974493
456377
864303
683249
837172
223592
883560
902063
614316
327998
698282
956585
908920
712720
718109
648252
620872
996718
569593
241137
802941
247148
745701
681659
610640
433377
493909
342404
690987
107625
177499
367828
877557
413453
384671
446680
633717
580228
687489
321668
890859
411355
185379
897029
261314
214952
530742
886100
789747
258083
757153
941699
911162
648045
653227
572867
415716
243993
766334
737561
388859
339886
389211
456740
136737
464730
876266
499350
628610
575603
403624
114297
271403
102185
135556
337052
462709
756231
563852
503132
346025
785229
943920
941964
313731
179322
181060
361893
409965
310181
204704
389641
321733
378818
127564
445615
414804
883162
298875
370412
471654
661361
654138
105765
183571
248229
444015
998423
923116
186284
215102
613774
565925
536690
654883
424819
356732
440942
255840
170716
581441
615685
660516
496348
354215
423100
228085
709005
888217
163811
912365
172315
321410
916455
562361
514908
308333
682483
743910
426186
981028
682898
435596
156896
732199
552676
365609
447703
913167
300005
410667
480884
791923
951792
671989
882062
175343
446554
750910
954468
531690
673679
836104
825486
335584
488153
202357
340215
917037
256301
160452
507679
180553
402102
138187
913521
656259
476268
572675
219432
742646
232532
584106
780181
151237
434498
594847
227573
507354
663069
486056
531890
441801
741321
238050
606530
410003
983090
253101
970820
621588
766626
960834
813369
648696
892412
317749
514799
334456
484089
407363
177794
185623
514334
956294
248058
653345
631282
820298
621973
664582
368048
584767
236916
218371
662597
340320
652283
124123
227576
633242
639205
891005
242198
328272
618748
395747
320844
871738
534125
279762
811531
403327
545140
667441
701331
439485
136072
455147
780936
945679
224988
981258
297114
325277
978723
550100
961409
916327
293861
654086
389106
981705
289690
942335
343153
640955
241926
118174
511550
737433
298829
384461
676141
354148
599189
808306
177959
844656
937628
618064
724522
532346
566099
986654
582326
733462
100196
987656
702239
787456
336003
816094
801557
682044
422182
437113
642262
106530
558995
199097
699795
140700
432012
490422
500895
501475
171964
245247
183002
367276
451074
121825
392869
163787
171346
240511
247689
777737
647747
845989
135264
730639
220875
299581
174420
744622
256015
657400
273412
648095
653746
679452
670179
249905
861892
109398
819214
595592
770455
172320
275866
207798
679090
227370
910986
102753
177075
753077
826612
331377
708352
261505
689793
785797
890338
324102
278896
304387
735294
859024
895404
132734
138780
642392
656974
911727
365407
420940
992049
218709
236637
247955
529600
287727
311512
775200
138703
187224
971202
582452
271444
672278
846165
377042
527590
116480
957250
881166
134416
107152
605994
713116
198208
300855
159445
729934
495521
336785
842188
583829
669143
228434
518834
138576
433040
829198
292582
904788
135249
319490
724069
549015
112751
418185
148557
219748
222707
508648
568820
109646
587927
128734
503659
679263
752102
495863
766515
953816
889127
879118
879227
147146
202447
116802
577972
608974
943471
546163
526917
180301
830959
280552
173900
116648
567196
203459
152762
978711
985656
290424
943709
390679
949479
181282
954716
342872
106220
268036
160764
889721
643208
862454
236091
249376
234852
372315
896294
372943
439870
636443
378437
245867
789166
728903
650220
821338
959023
464143
173853
372988
925851
457285
561962
457362
289911
280833
927330
794815
536466
277754
932925
941396
978788
181510
421475
589432
474452
420611
232697
698172
217243
558488
556216
241637
127936
909643
336476
341783
508153
822625
973812
923601
413679
875916
479092
543101
774001
300779
882368
524171
887497
515686
907570
790305
559904
559437
922572
377258
490328
287278
764884
952176
876807
316583
308505
528236
879631
727738
327176
185169
551571
514986
903511
803512
451572
271242
616922
692474
518266
545806
770394
767250
391691
387524
954083
978391
603237
364639
354812
250908
343591
827499
217561
424319
977622
718479
642472
738410
760444
249425
317123
895861
629552
296842
838516
672906
452334
905813
856486
765534
448453
768660
692608
136839
363807
904179
311289
266507
306950
745177
672999
309620
489560
697908
834657
306293
304959
464151
987928
348805
258314
287988
728872
908032
764285
801592
257429
950048
306965
208246
593867
392822
362625
766796
855467
641727
969843
159270
689004
709286
475725
647294
592363
551608
285745
168659
325048
763265
663398
223342
693532
770909
679783
899320
397948
708166
374051
831821
939194
723491
809344
598686
707554
685337
497434
325460
118745
334909
440340
671957
717057
644388
698278
225401
762832
771224
938440
643969
720472
262333
164579
260275
346021
514267
122306
673553
702861
219282
144255
767795
568733
281827
591538
626592
400001
306137
163307
182794
352755
123631
520591
126069
365534
990720
218548
500313
572446
112415
811477
386982
346182
948062
727265
906087
894748
306371
596027
373316
290273
492211
562327
321789
154583
879622
530942
748679
316135
433587
255351
552321
783932
945026
512402
780911
932855
580512
655465
292631
884839
745156
787612
657153
153266
809438
712457
459428
582647
866264
191030
170233
608089
330587
345505
859122
809190
153437
237839
723933
568697
722498
691539
957140
422199
834983
947394
122552
241131
578504
106280
656180
667985
604232
883253
233788
545316
253624
487988
929743
111833
989661
267532
283104
869810
720147
491456
495492
999572
795631
822382
618112
247262
931542
431982
312785
573121
995453
278902
510896
190126
613287
482802
196500
917027
853328
471445
719695
306641
357647
435914
882762
188591
353498
966086
904682
388205
217933
971920
419308
466768
698172
711292
385813
994710
758162
461145
762200
347388
231750
374065
855355
927501
730715
482997
259084
492447
238737
993471
378213
217124
534891
445389
589470
544378
186451
154052
472122
236798
234674
344980
630366
461999
164974
541763
345963
119002
580443
418000
550272
415416
920703
436359
578530
867492
937565
912956
898012
267327
193795
427454
348603
868656
981835
680708
921696
948701
775779
535681
217445
274650
272957
859975
606048
491704
896321
871985
958602
235937
162049
112999
486114
723336
377531
783609
344971
278058
354194
672840
514091
412393
703698
914692
665678
768563
669740
600231
956701
634066
648647
247500
383494
101260
981044
202884
625110
112839
462086
837425
719538
138821
993300
779172
433808
758898
332458
187061
747122
356538
592047
843035
534191
533904
702825
940677
788293
237281
187659
227859
362344
682665
471302
404315
993841
774116
684718
948255
747828
617304
261739
989537
171949
244955
821901
877987
128231
765066
687581
178744
935275
918942
349907
128427
321046
568715
637770
228700
440802
681815
830967
996653
893809
126713
563999
838527
454155
819397
283323
284771
740924
921089
948861
476532
275603
876813
733029
339851
857183
852382
382156
661939
447962
857108
891926
866318
657047
585675
965224
126884
435933
325037
718924
372645
362272
578549
643359
212912
241545
119146
394723
799256
717225
243222
261040
378014
689775
635503
974517
677468
722431
402245
175513
844333
126007
706704
350874
494925
573955
534117
323218
378958
146374
448488
928820
175752
921365
245716
714398
814793
249716
740699
139855
847995
126321
452519
560648
851248
722981
721209
293696
464864
603298
219942
519107
555205
919092
284314
432933
182573
812805
207344
355346
264782
355032
567803
802987
228607
673172
171073
879996
781547
239003
909459
561775
661941
793904
320085
792627
153198
405301
403511
685457
847723
224591
620134
174828
954339
317936
255967
530433
385322
171060
215884
432122
928776
656070
666347
302959
361231
558911
112754
743531
824322
557987
582075
774710
707735
399052
260365
886147
207033
333487
885161
272145
845747
596382
734491
825624
248707
886948
340442
321890
144416
907036
455933
282008
267525
526699
571828
132444
244311
653142
233726
350548
984336
433192
193951
713972
817881
664500
745120
535922
522014
890877
178262
172037
105212
638770
549745
216134
303132
433754
165347
385658
180028
210406
892699
301865
350404
344820
835129
224027
111236
340546
290004
726967
964332
753368
315304
266439
367616
924173
794774
542736
281710
817347
284644
114722
485379
883164
542982
333674
555354
158314
715646
383946
125867
762375
824270
867441
323089
186612
320316
916380
881246
525650
428545
188781
169467
272721
326421
890559
137522
733575
157499
856352
965401
104106
940411
645891
807487
127380
728787
411445
744202
361981
287448
533962
720669
345569
727379
540530
195408
449610
264230
839382
134076
695052
841505
113113
746807
655057
636906
894226
988885
851600
894112
146709
380376
136459
677096
322940
625483
465004
872175
200828
696965
266055
408096
167751
874569
117385
405498
497848
474565
652310
444575
490057
129078
916889
383321
724403
342418
850013
749866
620664
225742
576276
616365
822461
811968
612562
748826
363551
669209
946492
709932
178998
227566
300896
853298
603673
977513
790317
658597
793244
688228
860948
709042
231767
514295
955590
463776
944350
485155
909111
599035
803823
738780
666460
104935
724851
398832
634430
723108
606491
860249
765957
665874
210676
333549
576546
740193
288193
697427
268772
759918
542483
284450
975061
667265
255503
350023
110060
884373
368051
157697
296192
387751
517160
793409
301631
465104
392796
221245
281105
743709
393444
771248
509813
815381
970990
901279
603470
226333
671653
812961
494332
312180
174924
785330
698819
688449
235482
237291
303110
183052
343929
937883
656061
526687
621449
148622
902213
350671
531463
437083
705357
504324
864575
438864
339662
223474
169265
474429
302148
261953
648194
514726
198589
272734
122391
238177
200775
333822
314749
509010
257033
162138
333894
110742
572658
683491
331871
646228
938528
253619
709788
551498
139082
307719
288762
913087
129358
189192
908093
904299
194193
754723
455771
643965
869079
115149
610623
917946
265957
831765
397255
225839
306760
359298
835581
279627
228929
191443
921474
118124
610031
453248
377541
646469
617816
946156
985380
156146
557352
944876
184502
367788
969037
413042
719736
269455
353387
166337
440134
213809
976053
126842
461004
996304
286419
269778
714248
343683
814587
162581
163401
108818
871392
536827
435054
763451
679994
460433
558873
968971
878319
370748
280015
633992
972601
643419
579141
421535
486817
835648
490815
545801
974377
171828
554215
533706
188618
563621
140979
892864
413440
470780
718912
134630
862943
496214
561975
439585
798859
508281
938700
170540
113300
222342
926828
700741
751461
172173
544688
160016
553801
877780
636957
443301
844189
889156
116155
592374
517859
811514
964786
589574
576139
558529
472093
378692
224531
673306
936173
438814
853884
545535
290409
761673
663671
659991
350847
167093
872219
874517
791476
706421
593949
840804
992305
337588
919417
420886
621946
462375
856026
258126
434051
397106
208363
924392
237677
925001
339945
808477
166813
802771
739432
308216
460898
412831
367880
671886
743681
856315
612187
440137
555096
199895
185489
285972
118644
271996
428275
681955
277463
236415
143605
255705
662660
346587
464510
964026
680663
990605
968966
962901
738312
466212
880592
496883
503430
789725
837082
190906
858594
801624
830009
658398
264332
121697
201144
887669
347074
396696
212712
429406
256776
166790
192612
576574
592372
380620
472607
523714
936579
448409
747911
233698
146567
877927
165097
157807
233709
758253
984030
201144
405757
825587
457859
359441
289008
991573
202554
743076
570761
883948
113191
569373
586329
838116
538825
139935
757302
281300
558992
978517
218716
193010
549789
915957
997589
260063
642641
608854
870785
512941
136538
284547
704051
672724
103586
826019
887206
124124
438429
338823
823001
571518
551371
211170
161138
607332
299150
846519
160773
962565
163606
972584
562222
341688
724656
455237
645417
226074
470470
707368
202891
756899
550543
223687
301229
773468
670612
874525
252828
815862
774753
964824
858630
190227
200545
107541
995648
225959
635493
934721
579452
577196
423258
236671
264144
282603
672433
201917
989575
969528
140658
484249
740648
616444
418034
142328
423975
647940
809578
254925
176051
622314
355327
184053
524647
371169
153952
400066
716360
801000
980452
720859
990564
672010
582156
825876
174583
860707
271254
842647
808275
280432
300577
686799
757703
953772
284945
312076
854040
291469
316707
847626
822034
206235
239472
549730
856268
126521
476661
865724
133951
574350
640947
107226
712133
446423
450700
536404
114210
776515
197698
653888
149366
366735
615301
737602
878540
167447
910646
506415
761881
571521
414851
378021
825453
581604
318372
167730
567353
822277
707412
304705
928541
895313
239967
628593
838366
840762
451124
255509
510557
358449
127869
415464
947129
953885
827688
159983
662922
546442
117596
256783
549282
300391
801503
718990
127957
438876
625744
347184
461551
206526
261409
875898
462651
428519
896589
569474
422936
201302
509364
875868
979522
108028
127388
462878
807547
223506
877574
774355
809026
904560
784465
553665
846982
823599
269004
529657
188712
922972
762533
473455
765128
229906
834213
885750
673150
746310
136881
103606
484801
847884
470791
728010
190567
327314
225116
120932
478118
794958
929377
145748
556045
557283
149822
576681
771664
391740
938701
754669
107428
941842
729956
371627
261469
643893
175405
647253
710202
477153
737586
293037
907982
293082
740634
124197
959724
757605
420718
207384
179292
444099
993074
892932
407199
731685
798310
321912
236042
354571
605350
228766
145430
474631
731365
504266
894576
541865
290001
149899
805009
748680
294613
366321
594087
760307
636899
879841
162477
615303
437224
135777
245850
629710
361635
250701
148420
264586
480324
341565
210253
385954
638501
662599
604851
493321
623347
521052
977933
559438
954641
842111
912695
154153
224751
187045
947496
878977
828916
337153
624550
427663
262634
740545
928473
754262
685452
754086
785107
897675
340073
419358
512207
341527
168402
599726
185353
398086
531074
603021
485735
646763
280736
779754
613571
269124
130279
360261
644509
469746
948900
406024
133897
167757
683248
882175
418611
204677
329821
712420
291890
511385
102483
924338
708578
942095
576957
337604
668898
666593
566586
281861
442501
173956
322954
669774
169217
723141
611636
345373
289456
849525
676136
926819
358897
809247
170883
975612
317830
875671
717238
131691
770346
459028
609410
363379
280405
904596
921287
806175
458435
285120
470727
172425
445973
915379
269127
661115
562540
102098
466958
590361
780401
250650
449981
714860
419124
708706
518059
200575
953207
271651
859538
981785
880499
260382
374709
129718
923616
772827
290765
356741
906948
853534
481951
695285
685653
240604
266669
840079
108120
375180
429695
646841
757598
182022
788822
134222
118845
378742
600008
626585
399588
151342
250388
989567
897411
171566
805093
900568
347555
655504
503163
989331
339327
276713
419110
684699
646819
950260
575133
527564
649194
123665
217057
446636
616857
494399
627386
206234
937106
299714
176628
709311
538071
979679
158058
261542
666909
883786
907765
623747
310311
908167
134272
509777
169772
900572
744954
322777
292516
411208
442062
740137
705884
773004
942359
497678
407070
742461
494124
808023
296354
121144
180009
530792
752321
436135
295492
905240
369881
658312
923657
108682
236243
693879
359947
529074
371904
757461
418086
364774
420080
254575
217638
592298
751226
167210
117148
843408
110945
162780
790148
591787
555409
114178
124804
956863
439082
306150
294284
827206
308810
226334
584228
759217
244078
352232
487253
870423
188213
153513
783559
894301
801252
307755
825212
572291
194214
370190
918804
959902
405233
109679
811948
307415
376165
372559
577128
401764
201747
687835
942285
872406
631132
543939
430289
402203
359558
600763
536033
332388
449074
379693
434308
876202
192131
445209
305805
863338
955403
794842
396480
741843
802190
405363
728996
697397
354703
430402
733804
855647
370949
183954
185116
213107
637168
970459
614943
857201
760459
790856
835811
551399
223894
140622
623641
348828
608368
569830
497218
265105
948027
922771
781823
457807
446789
164002
640888
641254
349611
673333
419184
490744
124883
637272
589094
421002
177565
609447
512670
798952
867364
686580
942448
976714
301460
103021
176591
497750
558871
665691
145745
699163
450365
825737
499801
203924
612583
878582
388672
392250
923541
169803
483851
551205
508079
166429
142097
728186
317213
137561
246667
905356
122392
577489
429929
632128
527506
843046
359070
759863
676794
722955
127722
248052
336823
423436
201072
654464
936905
247933
439801
169563
491397
182668
121107
404856
777459
380360
160711
207753
895156
139211
896239
103004
845163
151699
182570
217371
226638
459430
127855
467481
961467
847706
475408
554719
728433
267156
872510
771034
304586
754870
678664
248102
942622
720549
285511
684347
108943
128072
961571
898748
778169
528174
689458
131601
852548
249727
654533
462553
721320
157757
450578
833519
622299
580982
843909
916627
130133
505770
566469
736617
614020
367435
871375
371265
656463
465442
147128
804694
823174
850566
135122
380361
670007
350846
308116
374312
205291
830435
668267
990108
311863
912797
637994
180281
808911
447690
452489
591223
936901
922415
125531
796267
164563
677372
477364
996947
346935
278212
826379
472084
745942
690248
495473
246095
275660
384664
205720
334056
392621
555531
690079
409282
816669
419650
495696
852853
714761
765590
399452
910104
860686
212064
481601
873484
591629
287229
335585
667200
292956
841690
401047
786832
690145
888938
297476
240409
830939
940593
936116
165651
148862
390164
667681
888993
845940
735713
809170
107969
161843
611241
178362
224586
714154
812463
550534
374131
599281
202259
685652
611639
993327
688421
120277
141910
646243
930727
185309
588025
568352
384171
798766
564221
770731
939543
184243
176213
292060
972430
601012
995720
342749
188794
970046
696672
998011
157826
819290
749611
471079
240630
338753
389768
981299
523942
197252
699392
688097
326926
971868
815135
669848
348980
410531
669384
428937
545481
907976
364200
321495
135525
673352
253512
734004
737724
103945
502493
501872
522443
660090
222939
973018
549994
390746
361999
803737
379762
787621
308417
494655
425711
641968
313835
780832
924144
327133
473538
128651
817678
763328
415269
419724
641389
749584
181108
131072
812526
255943
278534
741154
751403
954706
491662
338034
161999
611710
254942
573629
426891
250837
510063
273352
438714
246015
292118
108016
313271
873453
609030
583673
679958
858541
311629
468233
756667
271161
383734
595167
550356
395673
877697
240410
174701
862305
892295
191087
271420
591070
860091
894482
898716
667909
580317
791925
278095
434596
286084
216455
222289
860176
834316
605554
101609
823692
250616
283186
494231
908794
194432
544397
914765
517288
491398
780693
587613
735087
196591
924373
811115
430819
351071
195763
858759
912480
690250
944775
502511
869307
443875
568507
700144
346907
639356
205272
857607
156703
174489
675856
243116
472736
934114
957834
810152
229002
226650
361196
573807
977853
996500
332662
454664
760173
819432
362147
580917
279461
363846
869345
863012
747907
649860
175345
999156
272182
702003
712420
980950
594655
969535
590358
161960
493222
366979
802986
158387
276218
329562
815240
482629
327810
957068
198919
225505
679012
168385
626801
284840
344191
907297
465263
934427
712139
471355
835006
788349
433642
610980
637253
558565
762996
156457
867536
992244
882760
934206
956231
534342
353988
793273
671125
268301
537967
406440
419372
414006
246689
908825
635541
244288
888222
549792
217848
472178
399955
978542
881406
815258
569065
332367
901201
130787
289380
339301
851518
225205
643880
333448
868976
573891
253239
383817
733872
379759
141767
471476
386658
982651
544258
474267
921485
954726
291151
881934
185875
372412
387710
596789
935997
665862
653250
204923
492073
871411
186589
556825
713509
932864
172225
777011
420367
121706
444421
456242
661058
394089
847000
179758
378335
783413
105570
335400
804318
192512
866471
957224
465155
337698
271007
545922
851883
796982
882286
994507
141526
458417
881050
417556
606603
464356
123440
718935
144206
437253
232252
734289
788310
437235
670171
449212
532518
219802
244241
357923
491865
269893
442908
191165
496830
861784
949663
850781
910126
124997
344572
222763
377200
870496
885643
487794
167026
251705
658003
930637
914436
277730
752644
154173
430207
655161
272887
799214
132776
386552
652262
954138
790714
695242
513225
640437
768043
192645
859176
406159
274594
904307
287218
778892
776817
719998
224592
567294
297562
207464
350929
368470
553291
826878
985190
863759
852859
877754
646154
993607
299590
863444
854309
218629
656175
173818
132031
130645
324913
101053
475547
761496
507716
747707
512015
180179
354968
566212
606354
369906
272709
209015
901096
304801
630652
643001
898283
719306
543921
209808
914283
886044
575528
335254
899060
121166
588383
401731
165156
344797
526059
828825
121772
337900
660716
799757
529848
532409
880082
795706
647172
556953
229345
126532
201327
571534
244722
143110
936922
430958
796421
224588
320619
575294
647793
905282
993128
128122
463319
711165
889325
965536
176823
329913
779546
121020
602496
300096
266880
133714
364147
738470
736965
816522
634762
603091
108484
373272
822950
559091
203037
314346
670778
184976
905401
689074
189711
551213
735564
856545
752578
735770
340401
845590
715012
639286
773233
878277
889972
818702
464877
575348
260087
760879
503468
913273
366599
852312
854377
370736
618821
826804
511573
207477
500010
679745
438223
903001
864043
707267
853525
602607
589254
321668
507330
882606
529511
797539
112530
320990
343199
293056
262400
350859
229151
677894
766738
601443
583688
152071
953276
736778
879355
410790
392599
116967
101255
120950
152971
932149
277426
746742
832888
546049
508071
573802
401553
423063
213037
884213
916834
338347
936028
466112
169569
510640
847511
680791
876222
777505
758912
276661
640703
984028
260653
990015
474274
267404
990981
439292
556513
978117
169426
552437
748679
534153
904930
764010
998461
702236
433782
709916
504228
453507
720627
282673
443181
267788
824137
877129
145890
215029
144664
434200
926558
789518
110981
395033
478768
304216
457689
436240
828472
239560
150697
150797
558746
885732
436403
342193
637375
111427
184920
275339
762753
345186
515297
428659
975266
526551
379178
303554
410246
392442
898989
581055
484479
964807
211210
329997
414676
368462
716987
778854
706185
858308
467931
931677
381711
487191
592513
670709
301434
723265
314759
563694
257831
185736
366093
366460
434174
234293
752788
864412
861417
230404
683681
595273
414517
430961
882457
465269
871333
482958
613288
847421
766009
251753
545751
773131
548309
312566
923341
331639
896703
941723
820253
199825
688024
456174
986147
796013
235050
939932
907653
143739
231299
903699
744958
366358
591190
109123
931926
217651
238362
121410
128541
172921
251006
291995
689412
368093
621471
279075
734764
895397
726582
696261
434009
942406
326665
153900
308317
663122
358210
262345
607156
323210
312443
839709
587524
488152
533026
736831
123746
235348
855544
516162
737432
543028
631051
297549
162501
415551
924537
878802
351604
118200
786085
842273
115036
409735
302175
830422
872100
941922
703250
426701
277155
236344
503198
827319
137186
607718
191627
644543
964164
664992
923182
344317
615539
124883
463402
567123
682565
872912
938425
442044
136888
792302
848857
898937
619497
694143
592102
955627
351390
220756
423996
873602
950835
275218
819627
968531
817674
678037
137960
900657
229404
429011
483444
133640
198308
627175
587893
693118
616341
362093
843226
335051
625556
947275
691930
468446
825059
110172
665913
248388
597461
658146
856999
783925
214832
681850
729803
266549
912228
437236
218697
827427
114607
992254
249020
730934
668354
930009
727565
668994
882351
518269
626688
846034
477201
869487
772058
256041
563475
755122
360948
885677
747272
839713
300835
224935
160779
528980
711297
817358
309884
730913
575304
897540
949864
370698
907715
354992
715137
850536
354735
452781
703033
364985
835497
944124
654607
640399
434930
912280
393789
961813
868842
670391
680293
131643
759950
244002
688617
942841
388375
373335
777269
815973
675921
331739
307519
448053
157905
320353
241252
106031
676356
526898
127603
152723
757947
330815
188918
622332
589035
132053
689409
851159
518835
111188
463649
726701
724560
525421
563410
853663
489908
183795
182624
241574
630457
501261
718076
112661
797146
365036
586179
822608
906484
411822
529650
371811
671642
938374
603577
529387
537370
670607
258693
640912
406101
993108
604836
524496
932045
293561
632036
781093
977257
335386
331463
316566
196630
405455
583864
304193
809133
898417
273858
476469
807528
254891
392650
131914
366815
365300
981072
663757
458698
405145
934670
604988
909222
133309
461685
781667
125734
612515
616071
381373
199978
917206
603382
488886
461991
633402
298911
630972
337632
168085
963975
996340
255671
956678
912596
813029
757111
442029
644284
661103
591724
117634
601324
198580
538940
441508
933380
424248
135648
122324
925939
806771
896914
845853
841596
276393
436508
198354
172138
677118
324935
927095
271175
536563
422980
667397
782710
116535
383035
962380
580764
339832
389605
717118
137740
970790
385658
132136
814434
867158
904239
300539
879726
398406
683699
786426
757858
972181
802274
521239
119312
340821
858299
595261
964715
626211
171642
601771
350175
694900
597673
693579
568691
662840
736628
612502
586101
212429
212939
293667
410310
147134
792257
553267
688780
874119
782596
153390
606211
232719
464867
531811
955973
162807
277809
904478
578123
780162
106064
696195
660232
638432
800727
953347
583828
424809
847917
526314
381030
895698
320654
572183
433388
631697
598561
674060
761900
999310
166017
684438
477183
576431
885138
594909
758425
553523
995426
311312
514935
214434
149240
485290
857341
136767
882590
955945
581959
140990
222736
805067
480159
246377
647973
835874
254824
234421
743591
435035
549193
662442
547544
731718
885941
188607
859960
997136
816911
757795
746271
178651
374564
572831
428022
993405
324540
801215
144314
343580
892079
217474
427160
733437
968673
656374
639539
158793
104090
543153
211584
506031
444025
638433
296226
275409
593645
843012
154683
188744
756767
786686
140281
996382
932494
347616
452643
611017
203350
240774
476756
256339
857148
999157
732348
291919
446451
157089
225107
498222
235409
950472
969029
710253
434220
113353
859554
239129
198979
860380
893941
788453
973321
769654
265608
993999
878436
148125
146487
946160
417507
793838
968757
558555
743452
313921
839739
973971
128400
238849
768893
480775
129620
673080
402181
815491
863605
203332
664116
918025
277772
104136
298568
160121
487235
456808
126988
789760
227188
267129
199742
281732
612872
888986
796980
488832
659148
154677
369592
641179
931567
647418
276903
301908
292399
144005
154557
206452
262653
319179
787880
700938
976895
758429
561726
892764
989752
719147
952961
819860
773554
321133
641082
777252
927389
233617
532177
907094
312215
908970
617243
938656
151250
210021
945505
521842
422958
330371
832583
535378
667831
366383
998441
155696
636931
715367
489270
782634
384851
501924
612836
883095
302807
553973
911882
917259
999218
695013
897915
176836
625076
304360
151531
209468
419308
939169
423001
735177
814578
769978
187943
613511
535996
589518
855391
307348
854621
484522
750728
950663
505952
663466
779717
608585
915509
759009
594501
513270
429793
448245
778081
172126
411321
379944
374905
939783
647068
472943
275857
178417
904316
962688
991901
985251
687471
122991
869949
778016
263774
597131
814553
961231
658395
604350
513331
165354
702494
455626
218111
941742
317822
294897
402114
799789
718348
262436
436613
825250
178221
906055
472932
738462
776194
331152
293229
556978
695646
671569
367499
672907
997112
959822
232159
665045
566279
267147
243321
383098
674414
500784
408501
636557
142255
491529
727563
663308
443741
747424
950235
575597
284047
815399
328849
279821
881940
574965
910206
345703
630473
222119
251876
194438
992998
173095
128361
192906
915549
916437
953606
487352
534113
996763
990344
743937
433182
637041
877423
818594
657374
728440
885084
177063
727414
843512
209025
983451
358335
704941
939347
116259
628568
832349
221162
594555
600730
486951
435262
308957
370734
143787
571334
842287
478373
731335
575561
551466
768206
628630
958148
376951
462385
732903
262689
745638
918830
528428
388676
296570
618676
465459
510033
405596
588354
103754
998097
371621
958288
608162
903451
658696
762532
124565
116747
101741
420808
315558
927792
773269
606135
872206
654507
575151
809589
613882
311505
847508
985408
506646
560582
337137
495375
737341
921129
946876
163843
649359
694562
373302
451492
693375
887996
614969
997924
928580
598238
529380
801571
808207
784898
858416
350254
477971
223253
192814
327879
805519
118943
446804
409234
444782
426533
786058
849484
732506
559755
429496
910079
908766
396281
599234
142678
698063
820034
395987
387797
640779
846832
836508
237467
922027
916197
427983
150505
919813
712921
725202
586064
596432
406033
201117
341374
461381
757583
321167
485982
738681
625107
105303
114694
513241
219082
165925
238321
855638
586177
426538
444921
618185
423460
272642
387424
492642
826976
173823
162463
653436
885145
237688
541753
350457
229311
560215
157686
415902
119998
650074
842976
629091
908311
759015
502817
661112
821023
270053
382034
668227
133568
230493
905913
463203
953894
319375
115601
784126
413323
865548
883470
774223
726672
236521
404966
191684
842206
716878
408212
901647
701325
245805
972042
580086
257854
325379
108594
630394
849511
774987
269443
171315
780223
321567
492900
139332
449357
383781
574662
268337
616868
673262
859656
486508
104855
597372
213835
151931
781252
935487
710247
401943
810384
596562
195803
296238
240785
517255
112192
334355
486652
188005
715559
600341
536590
441380
982406
955488
948764
370917
427748
540810
617854
520687
785866
815295
272829
248406
217479
775107
378529
724945
511473
955703
686546
732201
763377
374752
233053
498254
418619
814073
962875
653756
276970
195243
191331
917650
132119
833233
185266
310905
408887
770086
459512
342733
112271
416786
404713
481582
839866
150775
541040
579606
133766
545436
480828
339452
395624
679805
809545
212107
424098
147814
288882
829380
968300
297918
331703
564561
441521
665333
221525
538395
426453
812082
510751
203312
168174
592607
623933
254619
615889
636806
139915
191015
511043
513033
373172
612343
274766
707904
699015
981558
718142
936167
912761
460781
338947
444606
413229
676597
119472
683439
260940
727055
859503
841950
410540
801146
108847
120427
523124
808310
648803
455239
117017
627517
211126
336947
453881
243276
357917
496116
314070
768175
952040
743390
361092
364844
449796
437494
629386
115421
288580
754587
981797
365316
163670
260260
380208
131437
210316
864704
717402
881567
204362
810366
510199
959644
664780
442755
574935
351951
971469
573210
776607
160198
422335
105073
394111
101951
677848
556792
819304
116095
489036
453470
143471
725341
457514
906454
342912
131212
239969
675930
275039
394737
734562
359896
352575
782146
703914
694794
438079
634397
888813
678577
424962
595743
234241
456738
234564
883665
630770
332452
515347
375846
563638
438443
716018
400664
445551
316654
580456
794202
544965
693488
563512
684746
919707
100620
263231
354040
607676
694339
625122
878046
390260
860034
888420
264724
183253
425500
959808
520213
275679
518545
986320
358367
895546
879041
554426
909547
335521
561129
670038
979023
700792
641415
367548
570919
406958
115791
221876
827140
159322
647904
428093
904968
640523
203533
391366
789404
688495
281167
548672
225190
501953
912372
660059
889093
436228
771730
412559
496635
153061
864705
343972
774922
309618
153875
186698
868635
195580
621061
898947
789186
790641
288531
426277
219904
543000
240864
144287
312283
440559
176196
144442
220463
448506
648907
888250
259189
756025
900151
766928
388214
996547
720172
237862
652117
408029
595477
912825
297374
567613
910848
334993
884065
810450
468460
890035
390755
211491
451808
153925
537110
256726
573660
291443
352154
463268
842438
133134
863920
287953
715418
287051
891970
247843
755554
199428
767317
794212
872376
603683
762799
133963
754983
863419
516320
527759
712835
472473
204185
438213
659240
319062
415016
257833
801936
225781
178800
528144
244499
512743
154444
753889
330252
883112
606301
691762
132264
930919
960253
247776
885496
513615
175757
797661
611205
843693
131555
712145
620993
641038
863451
574760
205709
274885
902161
453558
417325
578264
467973
184715
450886
662467
907816
647931
766140
211094
834274
903673
692939
326723
607489
459930
373293
426188
941275
804296
936247
774373
777632
444752
382927
853254
218413
145516
273163
521923
613333
986021
463970
160899
525009
421076
804915
345322
394472
932305
958899
713923
608597
552106
329200
727751
102849
148937
530546
199934
584764
435594
948173
103790
523618
965427
666800
767645
142974
237305
675023
677463
705711
422932
539869
782194
460996
877769
241806
665199
429950
802235
425476
539309
838950
992656
994499
593282
184996
880903
495846
390466
730355
334259
894941
447138
507516
503890
945124
665110
953396
262405
623014
954545
585451
569701
414777
584930
514540
581638
336935
223585
669887
354797
787147
581672
411247
346000
300477
942996
456638
404248
671942
401241
944703
970814
424346
780146
580356
439523
496160
662615
960121
570476
652760
212770
127221
157915
765815
715948
528484
353879
374388
177794
134951
683744
765613
425894
799565
494804
945718
948417
905796
301481
149034
930197
547605
435345
205064
270497
444486
850241
646857
958744
937128
760316
824355
259962
589058
219053
182692
553004
114025
167565
840041
611015
167576
310770
699959
243901
341558
411725
275954
458008
722398
529181
338916
128599
118832
489561
439133
999980
719288
497401
578824
192300
226415
601295
375807
816938
497579
858818
797521
543621
681627
347076
832589
450177
716305
681226
763700
537444
419505
803722
751539
520688
976128
347341
188593
381077
933596
519099
846196
327428
858598
664293
665411
204979
717279
413131
695166
806553
949651
855267
436695
923938
972996
235190
772825
348753
626318
339178
109830
683812
574350
669006
132228
864044
959480
757975
821435
484157
555944
526170
623001
623105
650850
330213
653012
384602
931652
283819
769597
756751
183616
315242
112075
912061
529263
883933
178078
384074
921819
420718
997897
693702
392597
906840
316545
139324
677763
275271
344651
314363
467346
565827
287645
383043
839798
843689
931525
702186
545570
352246
509202
671882
662644
572031
347591
157655
567643
197414
917874
176537
727258
962482
891747
849407
602299
579901
859040
950763
700305
948571
117162
430666
315080
558799
601001
296469
102450
498275
734325
492914
519016
746550
769108
428872
654509
585014
833755
780558
214593
486027
752776
930853
518238
201985
631307
780270
280413
536163
901753
253154
751636
643879
984106
837017
743008
892195
392454
657845
372993
687554
590225
366620
804004
717263
608911
225792
188477
318832
275905
426109
131746
159023
965318
952800
824888
755676
626259
237987
900368
584392
338501
202312
375298
815093
420491
820824
430446
500484
864866
140790
115968
857387
631505
143125
581979
924817
904218
340394
720069
893026
820651
518867
538240
583712
188760
562331
530893
749992
254712
272171
310114
857838
606578
120477
194621
942772
116538
709331
765102
746352
382829
737507
591627
465296
582363
421369
315098
306629
613675
316219
501591
374851
873754
783605
557514
227597
260528
229881
132217
382949
724500
596758
898491
122087
794664
730968
945278
857604
320272
824216
783294
387015
997942
817885
502456
148905
254237
508388
447578
700537
939699
336051
486459
707689
972112
906324
672701
634474
542625
563355
329819
687225
350996
253501
529321
801060
359765
714497
729140
983818
398347
771841
196986
548339
344536
540047
418673
810902
421557
445139
534350
474960
649995
737748
662726
255502
390445
371577
965764
696248
366239
672811
473003
729122
452152
969847
780796
736729
652059
420443
245020
287537
600962
497276
153448
685806
932616
846998
197438
374607
844489
413368
130195
688353
342831
467145
858377
276298
776341
638718
289851
113195
149818
558981
698329
319182
759002
819155
496591
135855
288610
333849
628345
735896
202537
396637
495242
898679
742135
562392
582203
854277
463427
254432
506478
692582
122031
729038
107094
430303
739862
887770
401951
730617
805785
845108
562295
829003
857907
497594
177775
877528
998331
541054
760694
628250
403475
709339
423889
742577
517115
849461
469138
492958
858212
136020
243422
450610
475711
941406
548979
755886
318356
188582
298464
715728
641857
915871
515943
446974
941980
953486
571154
704833
865345
478187
787798
604588
938960
489055
343093
911825
606254
511837
814276
961629
749477
162154
253582
327291
132062
106131
282610
250160
388944
217111
207680
455617
174392
263131
678618
980053
771362
875461
130964
137122
291702
118483
462323
993144
837731
671812
237117
817922
478327
870170
627311
964882
911581
171727
326650
108144
532496
705200
678505
490278
376617
410098
797685
775339
297094
489336
696464
392662
110779
838401
966539
626016
213916
576975
354105
352386
904546
234835
790367
782309
767438
474036
195487
534156
522332
496192
933670
302453
250801
520116
450790
556382
945111
294506
459605
777898
589118
326984
772210
595114
989096
294529
334988
300491
298179
819085
518476
436597
694294
447645
500325
745581
714401
742569
599706
319596
641266
307539
725659
532975
998552
779759
785056
821270
759590
563388
391804
302113
899316
722603
851445
174067
578265
746826
305131
905265
991335
235122
412572
242860
607444
515021
567984
125156
400116
358953
592073
263793
200819
833218
645792
683481
325988
127028
526435
239070
605929
878053
893599
364792
955823
544614
240737
452102
806257
267148
814816
895583
556638
524758
934892
503375
563901
528563
911398
650229
543797
852455
151021
342428
285564
755426
850540
678345
851055
484794
767045
924693
267005
242915
299799
448587
112398
284907
909593
583457
126901
475586
800475
517432
587631
490367
457013
391226
986250
384202
895107
872659
767067
524982
481617
614158
369117
521105
558289
822907
511690
941823
656736
955273
764862
217498
601180
723027
555178
439105
387473
666252
597007
405921
437848
138997
507071
573538
601038
458225
219931
816004
494443
500250
107527
761539
659601
922770
853989
426725
595895
911098
803182
361882
980611
121199
920641
244964
808986
379946
911361
693381
474532
826421
455367
804866
335259
814174
599133
614694
216446
161640
623221
269902
897614
919042
179184
331672
254219
928722
791925
179007
656364
772523
313455
672350
703684
514238
831223
323639
251551
783616
541937
412148
422261
536776
301169
563292
974940
274477
371262
177185
100177
299471
219074
280240
586808
561773
427406
104907
854093
682712
242174
687103
638038
941496
557805
171838
183799
855405
998088
256466
849530
764955
179529
628439
692049
426294
462263
595745
108418
775048
739426
172691
999689
194471
260579
232871
951664
101334
662532
688017
786674
214906
216503
863930
348762
156202
232796
548135
374576
756877
487247
721422
385113
599892
425227
545468
278831
719683
483528
225003
973499
115934
905016
700630
343466
146151
434322
551022
214294
632790
968780
646625
202806
509480
198135
582717
237800
362690
235279
967459
846164
337115
187518
914948
197335
652521
497831
922352
660795
191806
302143
616653
554725
811593
636022
564562
112627
376187
650991
175745
387239
566416
574354
411440
717749
971184
811254
914762
875827
406358
747385
717922
991134
504803
417076
297262
345148
138704
857987
504500
481848
801022
359031
225293
242322
263543
980922
261172
764829
585088
272484
125711
743776
184738
715253
124937
638297
538632
623607
930070
553824
265274
184756
684903
315589
734065
150194
118339
968780
810053
421774
550863
318327
554777
108342
734913
768218
598282
642381
278091
117227
162063
730593
209547
827069
140346
737690
597550
682235
659010
868363
874298
434137
307453
551530
879845
228728
242749
767460
950924
531062
338330
814419
103293
186774
578692
252438
361825
177551
898251
982784
913282
875626
256167
118291
113286
480017
808231
674666
890293
855372
805203
682688
415127
205295
434138
870601
876053
821123
170870
766691
879492
478203
442530
992293
481864
159237
584199
329459
429040
119229
850191
254290
707443
379650
299551
248172
157123
144991
499415
585602
467897
952717
867169
155981
558579
746128
522540
921515
972200
104780
300535
958546
992133
498750
605505
996186
728829
880072
731765
968447
286715
547578
431323
281220
397556
806762
238074
109300
464370
661129
845581
396675
560342
603178
711917
878616
357914
712098
103046
292365
309892
137125
530569
706795
690457
509502
680269
767933
290171
457881
809672
372526
378128
789444
329988
987032
517615
331351
293880
525543
372827
650484
957522
798766
354857
380294
213701
633910
698809
628976
798791
192987
722343
499065
292757
865458
190140
231409
368760
148681
729374
992938
971625
659556
143854
297077
427546
682781
562922
114155
924574
303824
867679
644273
248963
376896
688464
904087
796000
521317
497333
764605
250014
933361
435515
721037
853383
940197
101952
660432
990646
488688
177571
679672
254908
294852
301800
228089
910195
615243
727457
356999
948598
245480
625244
873191
366576
524802
682471
624994
291228
948961
207563
914273
740662
857792
727302
314724
552399
300345
162765
213685
564982
862644
899780
630397
473791
566568
788336
693364
367438
266955
204281
975906
942049
674889
850615
901656
210207
173048
241008
938459
589403
315950
394938
559035
855556
638552
826983
199505
756130
420813
690681
166943
140516
564012
731184
694199
734048
236999
742561
381441
899158
850054
420819
887376
646864
883768
919264
826945
205497
763133
780692
507145
853365
113602
861206
246868
378860
915080
836382
930131
109188
235335
415570
918479
611720
294214
320130
322049
854927
269476
777782
901071
708848
619055
441279
685874
426437
647735
339445
649608
138635
396799
360723
814739
642318
972741
768464
757905
923491
581441
364039
733165
948577
847046
592198
956847
369459
543871
260815
500084
106926
484219
815948
395523
938742
674214
597760
626278
668708
637343
188314
992461
431110
353606
503678
988568
733877
142437
988582
192527
694471
395635
697398
631066
977291
608242
611586
136910
985239
834123
197628
142531
574031
483889
972294
527671
529816
220235
757273
317998
422861
583131
356407
707380
199758
913254
250067
458608
262048
539956
279930
400649
347316
174057
336885
255426
723568
816587
546157
879669
285285
706682
162220
739614
434827
459828
287758
934940
427767
850031
122380
445164
780643
703548
899451
982734
702914
428322
867578
841578
577522
852462
524005
139650
723739
299404
612828
389805
551370
213702
316284
650204
845331
742878
688733
929714
447844
857423
693257
643289
856334
470123
364267
752789
410387
870308
249374
506249
947002
565762
465880
513604
488225
297178
532178
168601
867820
375079
705502
867052
694401
725268
655099
938254
189901
969124
220471
168050
761965
629476
651980
204608
180167
642768
236867
893461
930012
763984
990307
406158
277517
791038
926930
555258
773705
244056
247867
858424
805334
368770
782371
466631
401416
168994
844416
157102
875398
961682
996479
653162
840130
777132
567504
538950
381664
677983
879809
329369
419266
651930
790419
374166
918176
361922
612494
850856
409348
396884
879017
419403
703159
753199
227045
453042
127828
304168
572539
764644
475963
479496
413903
764501
178242
976255
328854
846531
424182
478843
545203
658543
949304
669599
172189
422952
910597
654062
866921
729619
807231
706400
640467
813695
806234
766034
370842
538801
261260
167814
906915
126714
971475
410788
418376
776511
388556
535720
325833
363867
980019
478153
333028
573880
595458
526884
304355
754240
563151
593176
254173
418341
873750
485025
363191
890610
856444
254364
491895
929630
756614
913716
475240
440016
423948
462179
753122
470434
895715
557532
852962
392110
655507
462076
558500
190499
891398
672431
323794
952105
392080
546772
560615
893479
188429
424596
199078
306259
709813
524644
737558
121866
338211
405491
928031
473175
306714
735260
462494
931350
186972
474313
474650
965628
812373
145841
575399
370710
954728
974979
749555
571502
182445
848074
305863
518993
219769
723572
601234
519034
950398
360731
720897
267852
699462
712231
352318
761347
704631
283037
179266
835807
621001
590105
818179
978904
800912
355722
562047
570096
873706
287676
370635
774156
115419
270243
912699
154773
279357
230187
844949
638263
145309
192550
461723
723646
901321
974481
183113
304684
920398
233253
148024
814437
535375
609946
480179
246913
823800
605032
890405
634632
726784
967167
990637
820465
415256
555593
691958
390426
734167
324510
990465
186278
354152
700082
484257
206259
598001
299980
763140
312157
430820
338648
253212
671525
884593
433946
777007
956393
660213
414994
790883
950862
177598
934580
155318
914428
880576
136959
973471
710870
989414
294627
305182
335939
705530
797083
377186
835172
687072
782283
977940
125526
976495
166548
264081
212064
512403
805071
101454
212453
940324
427366
395312
448345
559312
703625
511283
668307
878775
681367
181532
221523
619041
870117
588258
584459
571415
934234
181097
506118
788468
576352
533101
148451
654124
276752
496359
999753
362922
517999
814504
651993
933533
564246
258478
929805
564066
421089
658696
903592
261848
722809
652051
700565
291515
231149
116312
620762
640378
306781
463900
184384
899997
510157
591259
789631
110960
632142
673583
107016
995791
344485
226946
106250
778503
797121
265916
338486
231493
931729
944657
542935
354430
348723
998763
325113
768136
859318
899051
704983
991631
546309
748841
551148
988857
907176
386074
210570
134368
471736
373380
350124
470883
494064
964378
652594
682401
383757
970192
506926
227046
543462
532398
241199
757540
803561
610147
403826
250085
810711
404415
407489
781164
466435
114248
923114
514901
331828
601874
399171
114020
719588
707519
374161
362705
472460
835690
509861
624194
764178
965908
960121
339203
294549
457531
981008
221488
987337
351809
303648
817320
147627
840179
540923
642271
694976
624029
615758
100931
164582
788399
477040
267879
164277
149661
982803
755619
471468
881528
861554
483670
664529
608101
573597
715494
728346
478855
446388
763754
465579
913972
958646
615631
959036
249371
303215
160323
734782
704109
687018
373747
779682
880354
489359
244220
137855
786066
911349
391693
377912
186419
574790
465862
193783
686310
581308
969891
630995
165762
440567
188690
189373
781122
256084
937839
927365
545712
599746
935254
937997
275710
732658
523481
761785
509669
315855
911593
580090
317590
668454
729777
522183
817837
704263
934638
479347
278957
989813
946980
782456
747861
617517
681137
260139
229339
344671
779837
205764
797937
876169
997685
443859
326763
164823
108590
365644
752324
155539
141690
530711
532405
783204
128053
189893
307879
356341
800218
232008
652289
752689
518068
459868
915816
315444
329809
942029
544096
572660
521730
701019
950185
311868
414530
609972
560784
224000
381502
253131
656738
429196
966201
660617
240248
893579
206556
497186
749700
369785
754443
505927
475160
365883
303514
450678
618359
317818
586516
666823
829170
102147
262657
203517
847151
212766
377998
609961
458127
398123
779117
711632
290760
549631
921042
281140
934089
682800
882734
662975
685794
202743
776101
703699
745363
410284
994596
678500
872811
697962
834489
877886
757908
604047
810513
958123
727206
115456
608837
593011
466795
216319
625837
353610
298401
423992
801267
477487
771500
401935
397240
325500
123763
832693
269709
478760
228009
953771
512135
459535
880291
558858
738621
660604
722804
770553
746774
241354
736404
380121
318750
600387
836890
394038
821525
630441
364620
862101
295482
991528
443295
438767
100900
798600
286457
992608
600818
152199
358878
918414
992338
556637
525661
663730
185681
617043
728745
890894
795746
757787
776683
945547
109330
598012
965511
652933
351191
926491
926629
133848
418734
974492
591191
870910
604022
211516
968798
802122
440737
792769
250061
854096
828294
253404
513394
187142
748152
995166
125460
309053
719251
490763
629333
436646
753655
596263
538773
192084
590132
175692
305457
953170
281712
467942
279718
883673
251431
999642
897190
755907
381678
135929
951252
505381
683271
914287
720834
453763
659828
931385
573760
262781
342393
373143
434458
783365
169869
688559
726170
254841
921854
335469
626556
748335
502318
688720
855631
209328
629517
555276
199228
619641
747424
336140
983841
342247
409785
643233
412674
525422
265087
884293
479040
746690
601685
654611
647872
542727
774804
774714
568405
565326
160575
311657
163776
197561
192386
800879
400274
925856
315541
803507
822785
320044
732338
979690
933806
988844
883793
688554
651861
301265
182784
791682
336977
208553
215911
956460
375076
741984
614178
387519
567938
900829
514765
567852
440982
979705
834722
919334
648938
477295
330130
659969
836096
213225
552791
229558
512073
433535
485439
269156
616830
435072
144119
561908
275805
385869
230937
511842
668553
592918
362938
145301
633132
968986
109625
252703
511706
665871
443024
709929
464710
404313
299250
928315
622957
719392
567900
563433
466462
538563
215121
854078
401498
994487
800262
286212
613645
294823
629542
919046
916185
952476
142127
877776
207537
301181
120940
714075
209641
502131
272433
968369
266068
152670
