100177
100196
100359
100414
100620
100900
100931
100979
101008
101053
101132
101222
101240
101255
101260
101264
101334
101454
101591
101609
101741
101951
101952
102098
102147
102185
102450
102452
102483
102521
102606
102753
102785
102849
103004
103021
103046
103239
103293
103344
103586
103606
103754
103790
103945
104090
104106
104136
104631
104780
104855
104907
104935
105073
105185
105212
105303
105416
105528
105570
105723
105765
105796
105822
106031
106048
106064
106131
106135
106139
106220
106250
106280
106530
106754
106820
106926
107016
107094
107152
107226
107428
107527
107541
107625
107969
108016
108028
108035
108120
108144
108342
108418
108484
108590
108594
108682
108818
108829
108847
108861
108943
108976
109016
109123
109133
109188
109300
109330
109398
109625
109646
109679
109830
109851
110060
110101
110172
110742
110779
110799
110908
110945
110960
110981
111006
111188
111236
111427
111487
111833
112060
112075
112099
112156
112192
112209
112271
112288
112289
112398
112415
112530
112627
112661
112751
112754
112839
112864
112900
112999
113113
113191
113195
113195
113286
113300
113353
113602
114020
114025
114155
114178
114197
114210
114248
114297
114607
114694
114722
115036
115149
115419
115421
115456
115500
115601
115791
115897
115934
115968
116095
116155
116259
116312
116480
116535
116538
116648
116696
116747
116802
116873
116947
116962
116967
116991
117017
117148
117162
117214
117227
117385
117574
117596
117634
117679
117713
118124
118174
118200
118291
118339
118483
118538
118644
118745
118832
118845
118887
118943
119002
119039
119112
119146
119229
119250
119281
119312
119412
119472
119566
119749
119998
120123
120277
120419
120427
120477
120932
120940
120950
121020
121107
121144
121166
121199
121394
121410
121490
121697
121706
121772
121825
121866
122031
122087
122120
122306
122324
122380
122391
122392
122432
122490
122552
122723
122776
122991
123440
123631
123665
123708
123746
123763
123839
124081
124123
124124
124197
124246
124565
124804
124859
124883
124883
124889
124923
124937
124962
124997
125022
125156
125291
125460
125526
125531
125660
125711
125734
125867
126007
126069
126086
126321
126495
126521
126532
126713
126714
126762
126842
126884
126901
126915
126916
126988
127028
127097
127145
127221
127380
127388
127463
127564
127603
127675
127722
127828
127855
127869
127913
127936
127957
128053
128072
128122
128231
128361
128372
128400
128427
128503
128541
128599
128651
128734
128955
129078
129358
129368
129620
129718
129976
130133
130158
130195
130271
130279
130400
130512
130627
130644
130645
130787
130813
130964
131072
131200
131212
131295
131315
131437
131527
131555
131601
131643
131691
131746
131914
132031
132053
132062
132119
132136
132217
132228
132264
132444
132734
132776
133134
133189
133309
133318
133362
133509
133568
133589
133640
133655
133714
133766
133848
133897
133951
133963
134076
134173
134222
134272
134368
134409
134416
134417
134630
134743
134806
134882
134951
135122
135249
135264
135299
135355
135525
135556
135570
135596
135611
135648
135777
135855
135929
136020
136072
136264
136459
136508
136538
136737
136767
136839
136881
136888
136910
136959
137122
137125
137138
137186
137360
137518
137522
137561
137706
137712
137740
137757
137855
137887
137931
137960
138187
138288
138532
138576
138635
138660
138703
138704
138707
138780
138808
138821
138985
138997
139002
139082
139174
139211
139324
139332
139349
139446
139650
139720
139855
139885
139915
139935
140230
140281
140346
140516
140622
140637
140658
140700
140714
140790
140979
140990
141526
141690
141767
141890
141910
142097
142127
142208
142255
142328
142437
142482
142531
142678
142974
143065
143110
143125
143471
143495
143605
143672
143739
143745
143787
143829
143854
144005
144119
144206
144255
144287
144314
144416
144442
144664
144836
144991
145301
145309
145430
145516
145745
145748
145780
145841
145890
146151
146303
146374
146487
146488
146567
146569
146709
146804
146833
147128
147134
147146
147627
147710
147814
148024
148125
148420
148451
148466
148557
148622
148639
148681
148759
148786
148862
148905
148937
148976
149013
149034
149240
149353
149366
149411
149508
149661
149673
149743
149818
149822
149899
149940
150039
150172
150194
150214
150505
150697
150775
150797
150911
151021
151088
151237
151250
151342
151531
151613
151699
151745
151873
151931
152063
152071
152199
152417
152525
152601
152669
152670
152672
152723
152762
152797
152895
152971
153061
153184
153198
153266
153390
153437
153448
153513
153869
153875
153900
153925
153952
154052
154153
154173
154366
154444
154557
154583
154677
154683
154743
154773
155318
155391
155474
155539
155696
155981
156146
156170
156202
156299
156457
156703
156712
156770
156896
157089
157102
157123
157166
157499
157559
157655
157686
157697
157712
157757
157807
157816
157826
157905
157915
158042
158058
158116
158314
158386
158387
158500
158793
158969
159017
159023
159237
159270
159322
159445
159473
159707
159855
159864
159983
160016
160121
160198
160323
160397
160452
160575
160711
160764
160773
160779
160899
161138
161292
161640
161825
161843
161960
161999
162049
162063
162138
162154
162220
162349
162370
162463
162477
162501
162577
162581
162765
162780
162807
162942
163307
163401
163486
163606
163670
163776
163787
163811
163843
164002
164277
164563
164579
164582
164821
164823
164974
165097
165156
165347
165354
165465
165651
165762
165925
166017
166106
166288
166337
166429
166522
166535
166548
166705
166790
166813
166837
166943
167026
167093
167210
167362
167447
167496
167565
167576
167730
167751
167757
167814
167887
168050
168085
168174
168370
168385
168402
168601
168659
168946
168994
169109
169217
169265
169426
169435
169467
169563
169569
169625
169746
169772
169803
169869
170125
170233
170490
170540
170578
170716
170756
170870
170883
170924
171060
171073
171079
171116
171202
171255
171315
171346
171566
171580
171642
171679
171727
171828
171838
171949
171964
172037
172126
172136
172138
172173
172189
172225
172315
172320
172330
172419
172425
172611
172691
172913
172921
172972
173048
173095
173818
173823
173853
173900
173956
174057
174067
174392
174420
174489
174538
174583
174701
174828
174880
174924
175012
175029
175343
175345
175405
175513
175692
175745
175752
175757
176051
176196
176213
176281
176537
176591
176628
176739
176823
176836
176987
177063
177075
177185
177258
177342
177499
177551
177565
177571
177598
177775
177794
177794
177923
177959
178073
178078
178142
178211
178221
178242
178262
178337
178362
178417
178419
178651
178744
178800
178867
178998
179007
179098
179172
179184
179266
179292
179322
179529
179753
179758
180009
180028
180167
180179
180270
180281
180301
180553
180591
180709
180724
181060
181097
181108
181282
181510
181532
181782
182016
182022
182445
182570
182573
182624
182632
182668
182692
182784
182794
182915
183002
183052
183061
183081
183086
183113
183253
183519
183556
183571
183616
183795
183799
183954
184053
184177
184243
184384
184502
184562
184587
184715
184738
184756
184824
184837
184920
184976
184996
185034
185116
185169
185266
185297
185297
185306
185309
185341
185353
185379
185489
185623
185681
185736
185748
185854
185875
186278
186284
186419
186451
186570
186589
186612
186698
186765
186774
186852
186972
187045
187061
187142
187224
187378
187390
187403
187518
187659
187818
187881
187943
188005
188213
188314
188349
188429
188470
188477
188547
188582
188591
188593
188607
188618
188690
188712
188732
188744
188760
188781
188794
188918
189192
189332
189373
189411
189534
189654
189711
189882
189893
189901
190126
190140
190215
190227
190285
190499
190567
190577
190600
190701
190779
190906
191015
191030
191087
191165
191331
191443
191522
191627
191684
191806
192084
192131
192272
192300
192386
192512
192527
192537
192550
192612
192638
192645
192729
192769
192814
192906
192987
193010
193068
193211
193290
193338
193783
193795
193924
193951
194191
194193
194209
194214
194432
194438
194471
194621
195106
195231
195243
195308
195408
195487
195580
195630
195763
195803
195885
195929
196062
196108
196473
196500
196591
196630
196674
196709
196986
197033
197252
197335
197414
197428
197438
197561
197598
197628
197668
197698
197723
198006
198135
198208
198308
198354
198580
198589
198901
198919
198965
198979
199076
199078
199095
199097
199116
199228
199428
199505
199647
199742
199758
199825
199895
199934
199978
200545
200575
200639
200720
200775
200819
200828
200964
201033
201067
201072
201117
201144
201144
201252
201302
201327
201708
201747
201917
201985
202205
202259
202261
202312
202326
202357
202447
202537
202554
202671
202676
202713
202743
202806
202884
202891
202924
203037
203186
203312
203332
203350
203376
203459
203517
203533
203549
203617
203924
204136
204171
204185
204281
204362
204608
204645
204677
204704
204923
204962
204979
205005
205064
205272
205291
205295
205497
205709
205720
205764
205943
205960
205986
206040
206111
206234
206235
206259
206452
206526
206556
206667
206813
206913
207033
207344
207384
207464
207477
207537
207563
207680
207753
207798
208108
208246
208350
208363
208499
208553
208784
208851
208852
209002
209015
209025
209328
209451
209468
209547
209639
209641
209808
209992
210021
210092
210200
210207
210253
210316
210406
210412
210570
210676
210989
211094
211126
211170
211210
211292
211491
211516
211584
211803
212015
212064
212064
212107
212163
212429
212453
212712
212766
212770
212912
212915
212939
213037
213107
213225
213685
213701
213702
213809
213835
213916
214294
214434
214447
214593
214663
214832
214863
214906
214952
215029
215102
215120
215121
215630
215884
215911
216134
216308
216319
216446
216455
216503
216519
216918
216950
216967
217057
217063
217111
217124
217243
217301
217371
217445
217474
217479
217494
217498
217561
217638
217651
217815
217848
217933
218057
218111
218148
218371
218413
218548
218629
218697
218709
218716
218987
219031
219053
219074
219082
219094
219112
219262
219282
219432
219646
219748
219769
219802
219882
219904
219931
219942
219971
220109
220201
220235
220356
220463
220471
220756
220875
221162
221245
221370
221488
221523
221525
221793
221853
221876
222119
222130
222289
222311
222329
222342
222657
222707
222736
222763
222939
222971
223028
223046
223210
223253
223342
223358
223474
223506
223527
223585
223592
223687
223805
223894
224000
224027
224219
224253
224291
224394
224531
224586
224588
224591
224592
224751
224879
224935
224988
225003
225107
225116
225190
225205
225293
225294
225401
225406
225485
225505
225608
225681
225735
225742
225781
225792
225839
225959
226074
226151
226333
226334
226356
226359
226415
226527
226594
226638
226640
226650
226946
227045
227046
227188
227370
227566
227573
227576
227597
227655
227859
228009
228016
228085
228089
228229
228282
228434
228450
228607
228700
228728
228766
228929
229002
229151
229311
229339
229345
229404
229405
229558
229881
229906
230112
230187
230404
230493
230761
230829
230937
231149
231166
231299
231409
231493
231750
231767
231827
231830
231932
232008
232159
232252
232361
232401
232453
232532
232595
232697
232719
232796
232804
232871
233047
233053
233117
233247
233253
233375
233617
233698
233709
233726
233787
233788
233807
233906
233975
234241
234255
234293
234421
234564
234568
234641
234667
234674
234810
234835
234852
234932
235050
235122
235190
235279
235335
235348
235366
235398
235409
235482
235553
235914
235937
236042
236091
236243
236262
236344
236350
236353
236415
236521
236567
236637
236671
236700
236798
236867
236916
236999
237015
237117
237281
237291
237305
237466
237467
237677
237688
237800
237839
237862
237987
238050
238074
238078
238129
238176
238177
238179
238247
238321
238362
238446
238657
238737
238849
239003
239070
239129
239472
239485
239560
239574
239683
239840
239967
239969
240198
240248
240305
240409
240410
240474
240511
240604
240604
240630
240737
240774
240785
240786
240864
240937
241008
241130
241131
241137
241199
241252
241354
241545
241574
241617
241637
241806
241926
241957
242174
242198
242236
242322
242749
242860
242911
242915
242972
243116
243222
243229
243276
243321
243407
243422
243757
243803
243873
243901
243905
243920
243993
244002
244056
244078
244220
244241
244288
244311
244337
244499
244621
244666
244722
244729
244886
244919
244935
244955
244964
244985
245020
245247
245428
245480
245716
245766
245805
245845
245850
245867
245939
246015
246088
246095
246377
246407
246588
246667
246689
246868
246909
246913
247148
247262
247317
247500
247689
247776
247843
247867
247933
247955
247973
248031
248052
248058
248102
248172
248199
248229
248388
248406
248707
248769
248962
248963
249020
249080
249371
249374
249376
249425
249585
249716
249727
249866
249905
249928
250002
250014
250061
250067
250085
250113
250160
250208
250358
250388
250556
250616
250650
250701
250801
250837
250908
251006
251412
251431
251461
251483
251551
251643
251705
251753
251803
251876
252215
252438
252456
252703
252828
253101
253131
253154
253165
253212
253239
253404
253446
253475
253501
253512
253582
253619
253624
253730
253948
253962
254052
254173
254219
254237
254290
254364
254432
254527
254575
254602
254619
254712
254824
254841
254872
254891
254908
254925
254942
255351
255426
255441
255502
255503
255509
255671
255705
255825
255840
255943
255967
255982
255983
255995
256015
256041
256064
256084
256167
256181
256187
256301
256316
256339
256466
256726
256776
256783
257033
257275
257325
257342
257429
257445
257485
257831
257833
257854
257927
258083
258126
258137
258269
258314
258478
258693
259084
259189
259742
259780
259962
260008
260063
260087
260139
260260
260275
260343
260365
260382
260528
260570
260579
260602
260653
260815
260940
261040
261172
261260
261309
261314
261358
261409
261439
261469
261505
261542
261723
261739
261782
261848
261951
261953
262035
262048
262128
262333
262345
262390
262400
262405
262436
262441
262544
262634
262653
262657
262689
262781
262824
262951
263094
263125
263131
263134
263231
263264
263382
263543
263692
263774
263786
263793
264081
264144
264184
264230
264243
264332
264586
264701
264724
264782
264914
265087
265105
265240
265274
265608
265916
265957
266016
266055
266068
266209
266354
266387
266439
266507
266549
266669
266738
266852
266880
266955
267005
267129
267147
267148
267156
267327
267404
267425
267525
267532
267616
267788
267852
267879
268036
268301
268337
268772
269004
269031
269124
269127
269156
269341
269359
269443
269455
269476
269557
269674
269678
269709
269778
269893
269902
270053
270091
270185
270207
270243
270482
270497
270706
270964
271007
271127
271161
271175
271242
271254
271403
271420
271427
271444
271512
271578
271651
271656
271996
272106
272145
272171
272182
272193
272250
272433
272484
272642
272709
272721
272734
272743
272829
272887
272901
272957
273163
273352
273409
273412
273858
274104
274220
274239
274269
274477
274590
274594
274650
274722
274766
274885
274896
274933
274951
275037
275039
275218
275271
275339
275409
275428
275603
275660
275679
275710
275805
275857
275866
275905
275916
275954
276218
276298
276393
276661
276713
276752
276848
276903
276925
276970
277140
277155
277377
277399
277426
277463
277517
277555
277730
277754
277772
277809
278058
278060
278091
278095
278212
278534
278741
278831
278896
278902
278957
278966
279075
279077
279285
279357
279461
279627
279718
279762
279821
279930
280015
280139
280240
280335
280405
280413
280432
280552
280609
280736
280833
281081
281105
281140
281167
281220
281255
281300
281308
281537
281710
281712
281732
281827
281861
281992
282003
282008
282190
282498
282548
282603
282610
282673
282970
283006
283037
283069
283104
283186
283273
283323
283456
283819
283871
284047
284238
284314
284450
284547
284644
284674
284679
284771
284840
284907
284945
285120
285174
285285
285396
285511
285564
285745
285972
286067
286084
286212
286398
286419
286457
286651
286663
286715
286719
286884
287051
287110
287143
287218
287229
287239
287246
287278
287448
287537
287571
287645
287676
287727
287758
287953
287988
288140
288193
288199
288531
288580
288610
288685
288762
288882
288904
289008
289380
289456
289530
289690
289851
289911
290001
290004
290171
290270
290273
290409
290424
290508
290760
290765
291022
291151
291228
291318
291443
291469
291515
291702
291739
291890
291919
291953
291995
292060
292118
292365
292399
292516
292536
292582
292631
292690
292757
292790
292956
293037
293056
293082
293229
293303
293561
293667
293696
293861
293880
294214
294284
294397
294462
294506
294526
294529
294549
294613
294627
294823
294836
294840
294852
294869
294897
295482
295492
295533
295864
296192
296201
296226
296238
296259
296354
296469
296570
296842
297077
297094
297114
297178
297262
297374
297476
297549
297562
297648
297795
297811
297918
298179
298401
298464
298568
298829
298875
298911
299150
299250
299265
299404
299471
299551
299581
299590
299714
299799
299980
300005
300096
300345
300377
300391
300477
300491
300535
300539
300577
300637
300779
300835
300855
300896
301169
301181
301219
301229
301265
301422
301434
301460
301464
301481
301631
301753
301792
301800
301800
301865
301908
302056
302095
302113
302143
302148
302175
302453
302723
302764
302807
302814
302959
303110
303132
303215
303361
303514
303554
303648
303686
303824
303948
304168
304193
304216
304355
304360
304387
304415
304586
304684
304705
304801
304899
304914
304959
305131
305149
305182
305457
305805
305863
305872
305928
305986
306012
306054
306137
306150
306259
306293
306371
306510
306629
306641
306672
306714
306760
306781
306875
306950
306965
307083
307348
307415
307453
307519
307539
307627
307719
307755
307879
308095
308116
308216
308317
308333
308417
308438
308505
308635
308810
308957
309053
309058
309548
309618
309620
309686
309884
309892
310107
310114
310181
310260
310311
310348
310381
310492
310561
310770
310905
311289
311312
311505
311512
311629
311657
311677
311687
311863
311868
312076
312157
312174
312180
312215
312283
312353
312443
312480
312566
312726
312785
313030
313041
313157
313271
313429
313455
313731
313835
313921
314070
314278
314346
314363
314724
314749
314759
314983
315080
315098
315242
315304
315430
315444
315541
315558
315589
315855
315950
316135
316219
316284
316545
316566
316583
316604
316654
316707
317049
317123
317213
317319
317427
317507
317589
317590
317675
317749
317793
317818
317822
317830
317936
317966
317998
318154
318297
318327
318356
318372
318402
318750
318782
318832
319001
319062
319179
319182
319303
319375
319490
319596
319629
319703
319706
320010
320044
320085
320130
320272
320316
320353
320414
320619
320654
320766
320844
320990
321046
321133
321167
321410
321495
321567
321668
321668
321733
321763
321789
321813
321890
321912
322049
322293
322376
322620
322777
322940
322954
323089
323166
323210
323218
323355
323639
323654
323794
323861
324102
324455
324471
324510
324540
324646
324691
324788
324791
324913
324935
325037
325048
325113
325277
325375
325379
325460
325500
325673
325728
325833
325873
325896
325988
326346
326421
326542
326650
326665
326723
326763
326926
326984
327133
327176
327291
327314
327428
327810
327879
327998
328272
328324
328411
328833
328849
328854
329031
329200
329369
329459
329562
329809
329819
329821
329913
329968
329988
329997
330130
330213
330252
330346
330371
330587
330815
331152
331351
331377
331463
331592
331606
331639
331672
331679
331703
331739
331828
331871
332062
332112
332170
332267
332298
332311
332367
332388
332452
332458
332464
332662
332735
332880
333028
333180
333448
333456
333487
333549
333602
333674
333822
333849
333894
334035
334056
334080
334107
334259
334355
334412
334456
334908
334909
334988
334991
334993
335051
335157
335230
335254
335259
335386
335400
335469
335521
335584
335585
335658
335720
335939
336003
336051
336140
336346
336476
336495
336602
336730
336785
336823
336885
336935
336947
336977
337052
337115
337137
337153
337588
337604
337632
337645
337698
337900
337930
338023
338034
338169
338211
338212
338295
338313
338330
338347
338486
338501
338648
338753
338823
338915
338916
338947
339115
339178
339184
339203
339295
339301
339327
339445
339452
339483
339662
339762
339832
339851
339879
339886
339945
340025
340053
340073
340099
340180
340215
340313
340320
340331
340349
340359
340394
340401
340419
340442
340546
340566
340673
340821
340881
341220
341374
341396
341527
341558
341565
341688
341783
341894
341946
342172
342193
342247
342393
342404
342418
342428
342586
342733
342749
342831
342872
342912
343038
343093
343153
343199
343199
343466
343580
343591
343679
343683
343838
343929
343972
344191
344317
344414
344485
344536
344572
344626
344651
344671
344797
344820
344971
344980
345016
345106
345113
345148
345186
345256
345322
345373
345455
345505
345569
345703
345802
345963
346000
346021
346025
346121
346182
346351
346357
346560
346587
346902
346907
346935
346938
347074
347076
347184
347316
347341
347388
347555
347591
347616
347787
347852
347995
348057
348191
348205
348215
348300
348327
348334
348603
348723
348753
348762
348805
348828
348893
348980
349044
349467
349524
349611
349907
350006
350023
350124
350175
350254
350404
350457
350548
350573
350671
350846
350847
350859
350874
350929
350996
351071
351191
351390
351559
351572
351604
351613
351809
351845
351951
352154
352183
352232
352246
352318
352362
352386
352575
352607
352633
352755
353117
353387
353498
353606
353610
353647
353674
353879
353988
354040
354105
354148
354152
354194
354215
354430
354433
354490
354531
354571
354703
354712
354735
354797
354812
354857
354968
354992
355032
355100
355327
355346
355606
355722
356128
356216
356296
356341
356407
356512
356538
356641
356732
356741
356981
356999
357647
357914
357917
357923
358011
358210
358304
358335
358367
358449
358459
358878
358889
358897
358953
359031
359070
359092
359298
359328
359441
359558
359587
359765
359896
359947
360218
360261
360535
360597
360723
360731
360948
361092
361196
361231
361635
361711
361825
361882
361893
361922
361981
361999
362093
362147
362272
362281
362344
362625
362690
362705
362799
362911
362922
362938
363191
363250
363379
363488
363551
363807
363846
363867
364039
364147
364166
364200
364267
364594
364620
364626
364639
364681
364774
364775
364789
364792
364844
364985
365036
365269
365300
365316
365407
365534
365609
365644
365833
365883
365924
365980
366010
366093
366239
366321
366358
366383
366460
366476
366576
366599
366620
366735
366815
366955
366979
367126
367276
367295
367382
367435
367438
367499
367548
367616
367702
367730
367785
367788
367828
367880
367924
368010
368048
368051
368093
368457
368462
368470
368501
368760
368770
368771
369017
369117
369148
369459
369592
369680
369683
369710
369740
369785
369881
369906
369950
369978
370190
370412
370635
370641
370698
370710
370734
370736
370738
370748
370842
370915
370917
370949
371146
371169
371183
371224
371262
371265
371303
371516
371577
371621
371627
371811
371855
371904
371930
372093
372233
372285
372315
372333
372351
372412
372526
372559
372645
372722
372827
372943
372988
372993
373031
373051
373143
373172
373272
373293
373302
373316
373328
373335
373380
373594
373694
373747
373765
374051
374065
374131
374161
374166
374312
374388
374564
374576
374607
374681
374709
374752
374816
374851
374905
375003
375076
375079
375180
375298
375785
375807
375846
376012
376165
376187
376313
376617
376896
376907
376951
377013
377042
377186
377200
377258
377531
377541
377912
377920
377998
378014
378014
378021
378128
378139
378166
378213
378238
378335
378437
378529
378692
378711
378742
378818
378860
378958
379113
379178
379264
379342
379650
379693
379759
379762
379843
379921
379944
379946
379989
380039
380121
380208
380215
380294
380360
380361
380376
380380
380494
380497
380512
380557
380620
381030
381077
381265
381312
381373
381441
381502
381664
381678
381711
381902
381946
382034
382097
382156
382393
382469
382571
382577
382829
382927
382949
383035
383043
383098
383321
383343
383494
383532
383724
383734
383757
383781
383800
383817
383861
383921
383946
384001
384074
384171
384202
384261
384435
384461
384602
384645
384664
384671
384701
384824
384851
385113
385312
385322
385658
385658
385813
385869
385870
385915
385954
386074
386213
386218
386321
386339
386552
386658
386700
386982
387015
387239
387424
387473
387519
387524
387710
387751
387797
387987
388061
388205
388214
388257
388365
388375
388556
388568
388672
388676
388859
388944
389106
389140
389211
389263
389444
389512
389584
389605
389641
389768
389805
389955
390062
390164
390207
390260
390426
390431
390445
390466
390558
390679
390746
390755
391226
391276
391321
391366
391522
391652
391691
391693
391740
391804
391809
391851
392080
392110
392223
392250
392292
392442
392454
392502
392597
392599
392621
392650
392654
392662
392796
392812
392822
392869
393244
393433
393444
393782
393789
394036
394038
394089
394111
394472
394723
394737
394772
394829
394872
394938
395033
395209
395312
395359
395369
395523
395624
395635
395642
395650
395673
395747
395987
396149
396281
396430
396480
396637
396675
396696
396725
396799
396811
396884
396986
397053
397089
397106
397208
397240
397255
397556
397649
397907
397948
398020
398086
398123
398347
398393
398406
398627
398832
399052
399097
399171
399452
399588
399707
399755
399798
399832
399955
400001
400066
400116
400274
400649
400664
400752
400802
400837
400879
400974
401047
401156
401241
401274
401310
401333
401416
401498
401553
401673
401731
401764
401832
401862
401935
401943
401951
402102
402114
402181
402203
402245
402339
402924
403089
403327
403404
403437
403475
403511
403624
403761
403815
403826
404173
404248
404313
404315
404415
404713
404728
404733
404856
404966
405041
405145
405226
405233
405257
405301
405363
405455
405491
405498
405596
405678
405757
405921
406024
406033
406101
406158
406159
406307
406332
406358
406440
406443
406482
406568
406573
406732
406747
406802
406958
407002
407070
407148
407199
407261
407303
407363
407489
407539
407546
407713
407880
408029
408096
408212
408395
408501
408887
409234
409282
409348
409428
409573
409735
409772
409785
409965
410003
410098
410246
410284
410310
410387
410531
410540
410552
410667
410788
410790
410993
411208
411247
411321
411355
411356
411440
411445
411595
411638
411725
411822
411913
412133
412148
412393
412436
412559
412572
412674
412820
412831
412874
413042
413131
413229
413286
413323
413368
413440
413453
413499
413520
413679
413716
413758
413903
414006
414517
414530
414620
414676
414700
414774
414777
414804
414851
414922
414994
415007
415016
415024
415040
415127
415163
415256
415269
415386
415416
415464
415472
415527
415551
415570
415716
415744
415868
415902
416510
416645
416747
416786
416956
417061
417076
417325
417429
417453
417507
417556
417581
417948
418000
418034
418086
418171
418185
418208
418341
418376
418526
418611
418619
418673
418694
418734
418950
419110
419124
419150
419184
419266
419308
419308
419358
419372
419403
419505
419510
419650
419724
420080
420367
420443
420491
420573
420611
420718
420718
420808
420813
420819
420829
420886
420940
421000
421002
421076
421089
421211
421285
421344
421369
421475
421535
421557
421704
421774
421787
421826
421957
422007
422026
422182
422199
422261
422335
422348
422425
422861
422932
422936
422952
422958
422967
422980
423001
423063
423100
423151
423258
423436
423460
423663
423889
423934
423948
423968
423975
423992
423996
424047
424098
424182
424248
424257
424319
424346
424391
424586
424596
424809
424819
424849
424862
424962
425031
425227
425279
425282
425476
425500
425618
425704
425711
425894
425913
426095
426109
426154
426186
426187
426188
426277
426294
426400
426408
426436
426437
426453
426458
426533
426538
426701
426725
426891
427115
427160
427182
427210
427366
427406
427454
427546
427591
427663
427748
427763
427767
427983
428022
428093
428275
428322
428512
428519
428545
428659
428818
428872
428903
428937
429011
429040
429196
429406
429496
429553
429695
429781
429793
429924
429929
429950
430009
430020
430207
430261
430289
430303
430342
430402
430446
430498
430501
430666
430819
430820
430862
430958
430961
431110
431323
431640
431855
431857
431982
432012
432115
432122
432317
432823
432865
432916
432933
432998
433040
433182
433192
433265
433377
433388
433430
433535
433587
433642
433656
433754
433782
433808
433946
433961
434009
434026
434051
434137
434138
434174
434200
434220
434248
434254
434308
434309
434322
434458
434498
434499
434596
434611
434721
434827
434881
434930
435035
435054
435072
435223
435262
435345
435373
435510
435515
435594
435596
435767
435831
435832
435914
435916
435933
435951
436135
436228
436229
436240
436331
436359
436385
436403
436425
436508
436597
436613
436646
436695
436817
436943
437083
437113
437224
437235
437236
437253
437494
437540
437547
437597
437649
437837
437848
438079
438213
438223
438429
438443
438622
438714
438733
438767
438814
438864
438876
439082
439105
439133
439292
439485
439523
439585
439726
439801
439870
440016
440134
440137
440340
440559
440567
440706
440737
440739
440802
440942
440982
441236
441254
441279
441284
441380
441485
441508
441521
441801
442029
442044
442062
442290
442501
442530
442755
442908
443024
443181
443226
443295
443301
443345
443741
443747
443775
443859
443875
444015
444025
444099
444421
444486
444575
444603
444606
444752
444782
444921
444968
445119
445139
445164
445165
445209
445210
445389
445551
445615
445771
445889
445973
446388
446423
446451
446554
446636
446680
446789
446804
446974
447138
447480
447578
447645
447690
447703
447816
447844
447962
448053
448245
448313
448345
448409
448417
448453
448464
448488
448506
448539
448587
448825
448888
449074
449212
449357
449377
449479
449575
449610
449656
449666
449789
449796
449863
449981
450143
450177
450365
450531
450578
450610
450678
450694
450700
450790
450886
451032
451040
451074
451124
451221
451258
451352
451487
451492
451572
451642
451722
451808
451824
452102
452152
452334
452429
452489
452502
452519
452643
452781
452818
452978
453042
453200
453248
453276
453470
453507
453558
453583
453763
453881
454155
454183
454235
454566
454664
455067
455147
455237
455239
455367
455617
455626
455771
455933
456139
456174
456207
456242
456377
456518
456638
456738
456740
456808
456841
456891
457013
457057
457285
457362
457391
457484
457514
457531
457689
457807
457859
457881
457908
457982
458008
458127
458225
458417
458435
458608
458698
458823
459028
459428
459430
459512
459535
459605
459828
459868
459897
459930
459974
460095
460433
460781
460898
460996
461004
461017
461145
461156
461379
461381
461406
461407
461551
461604
461685
461723
461962
461989
461991
461999
462076
462078
462086
462179
462263
462323
462375
462385
462494
462553
462651
462709
462878
463203
463221
463268
463319
463402
463427
463522
463649
463763
463776
463776
463817
463900
463970
464143
464151
464356
464370
464382
464510
464710
464730
464815
464864
464867
464877
465004
465011
465104
465155
465263
465269
465296
465442
465459
465485
465516
465545
465579
465595
465862
465880
465918
465978
465978
466025
466035
466112
466212
466284
466435
466462
466631
466717
466758
466768
466795
466810
466958
466964
467145
467346
467481
467887
467897
467931
467942
467968
467973
468233
468446
468460
468823
468914
469138
469513
469657
469732
469746
470123
470136
470416
470434
470470
470505
470600
470727
470780
470791
470883
470895
471079
471124
471302
471355
471367
471445
471468
471471
471476
471565
471654
471736
471882
471935
472032
472084
472093
472122
472178
472208
472377
472460
472473
472607
472707
472736
472932
472943
473003
473123
473175
473233
473270
473455
473538
473791
474036
474267
474274
474313
474429
474452
474532
474565
474631
474650
474922
474953
474960
475160
475240
475408
475524
475547
475586
475711
475725
475963
476210
476268
476469
476532
476636
476661
476756
477040
477103
477153
477183
477201
477295
477364
477487
477779
477971
478118
478153
478187
478203
478304
478327
478373
478435
478760
478768
478843
478855
479040
479064
479092
479347
479352
479496
479907
479953
480017
480116
480159
480179
480324
480701
480703
480775
480828
480830
480884
481058
481073
481202
481461
481582
481601
481617
481840
481848
481855
481864
481951
482051
482275
482455
482629
482643
482802
482859
482958
482997
483159
483278
483308
483395
483429
483444
483528
483670
483851
483853
483889
483990
484025
484026
484089
484157
484219
484249
484257
484328
484412
484479
484522
484684
484794
484801
484840
485025
485155
485290
485305
485379
485439
485552
485570
485592
485735
485982
486027
486056
486114
486181
486459
486508
486652
486799
486801
486817
486951
486957
487191
487235
487247
487253
487352
487598
487700
487794
487988
488152
488153
488188
488225
488624
488688
488832
488854
488886
488886
489036
489055
489270
489336
489359
489560
489561
489732
489818
489908
489949
490057
490278
490328
490332
490367
490371
490422
490477
490509
490744
490763
490769
490815
490844
491059
491279
491389
491397
491398
491456
491529
491581
491614
491662
491704
491780
491834
491865
491895
492051
492073
492104
492160
492211
492447
492642
492661
492752
492900
492914
492958
493032
493222
493321
493547
493909
494017
494064
494124
494231
494255
494332
494399
494407
494443
494487
494655
494804
494914
494925
495012
495242
495322
495375
495380
495473
495492
495521
495522
495626
495657
495696
495846
495862
495863
496116
496153
496160
496192
496201
496214
496318
496348
496359
496591
496635
496640
496749
496830
496883
496898
497013
497071
497186
497218
497276
497333
497401
497434
497579
497594
497678
497750
497831
497844
497848
497903
497969
498222
498254
498275
498750
499014
499065
499350
499415
499702
499801
500010
500084
500250
500313
500325
500484
500784
500895
501169
501261
501386
501475
501591
501826
501872
501891
501924
501951
501953
502131
502318
502456
502493
502511
502610
502779
502802
502817
502856
503080
503132
503163
503198
503215
503375
503430
503468
503659
503678
503890
504014
504201
504228
504266
504324
504438
504500
504539
504631
504644
504778
504803
504888
505381
505648
505770
505927
505952
506031
506118
506249
506267
506415
506478
506538
506646
506828
506926
507071
507145
507330
507354
507516
507679
507716
507908
507976
508029
508071
508079
508153
508281
508354
508388
508424
508632
508648
508651
508932
509010
509202
509332
509364
509480
509502
509669
509777
509810
509813
509861
509914
509921
510033
510063
510157
510164
510199
510513
510557
510607
510640
510751
510770
510896
510986
511043
511241
511283
511385
511473
511550
511566
511573
511690
511706
511837
511842
512015
512073
512126
512135
512207
512402
512403
512407
512506
512670
512743
512832
512941
512950
513033
513225
513241
513270
513331
513394
513400
513520
513604
513615
513619
514091
514238
514267
514295
514334
514335
514354
514540
514726
514765
514799
514850
514866
514901
514908
514935
514970
514986
515021
515297
515315
515347
515409
515613
515686
515833
515943
516162
516320
516415
516512
516523
516598
516638
516746
517115
517160
517255
517288
517369
517432
517491
517615
517693
517859
517880
517999
518059
518068
518238
518266
518269
518396
518476
518545
518802
518834
518835
518867
518937
518993
519016
519034
519099
519107
519585
519848
519861
519990
520116
520210
520213
520213
520591
520687
520688
520818
521052
521088
521105
521239
521317
521413
521704
521730
521842
521923
521953
522014
522030
522183
522208
522308
522332
522443
522506
522540
522904
522940
523124
523481
523618
523714
523942
524005
524014
524049
524171
524183
524496
524605
524644
524647
524649
524660
524758
524802
524827
524982
525009
525218
525421
525422
525534
525543
525650
525661
526059
526170
526314
526421
526435
526551
526687
526699
526839
526884
526898
526917
527343
527506
527564
527565
527590
527671
527759
527811
528005
528043
528110
528126
528144
528174
528206
528236
528313
528428
528461
528484
528563
528904
528920
528950
528980
529074
529181
529263
529321
529380
529387
529444
529462
529511
529519
529600
529650
529657
529769
529816
529848
530093
530431
530433
530535
530546
530569
530662
530711
530742
530792
530893
530942
531062
531074
531144
531243
531267
531396
531463
531690
531811
531880
531890
532177
532178
532319
532346
532398
532405
532409
532496
532518
532562
532579
532852
532975
533026
533101
533340
533539
533706
533904
533962
534042
534113
534117
534125
534153
534156
534191
534342
534350
534426
534516
534835
534891
535125
535375
535378
535572
535671
535681
535720
535922
535996
536033
536163
536225
536400
536404
536466
536539
536563
536590
536690
536776
536827
536840
537110
537370
537382
537417
537444
537554
537555
537967
537977
538071
538240
538395
538563
538632
538772
538773
538787
538801
538825
538940
538950
538986
539309
539404
539617
539822
539869
539956
540047
540347
540395
540530
540810
540861
540923
540996
541040
541054
541285
541459
541661
541685
541708
541753
541763
541865
541937
542015
542068
542124
542280
542483
542625
542727
542736
542738
542935
542982
543000
543028
543101
543153
543462
543621
543797
543871
543921
543939
544096
544096
544258
544303
544378
544385
544397
544614
544688
544914
544955
544965
544970
545132
545140
545203
545312
545316
545436
545468
545481
545535
545570
545712
545751
545801
545806
545922
546049
546057
546089
546129
546157
546163
546282
546309
546442
546482
546570
546579
546640
546772
547279
547385
547544
547578
547605
548135
548309
548339
548348
548389
548672
548888
548979
549011
549015
549193
549217
549282
549631
549730
549745
549789
549792
549994
550100
550221
550272
550356
550481
550534
550543
550710
550742
550863
551022
551148
551205
551213
551283
551284
551324
551370
551371
551399
551462
551466
551498
551530
551571
551608
551668
551783
551915
552106
552321
552399
552425
552437
552616
552676
552765
552791
553004
553267
553291
553523
553529
553665
553759
553801
553809
553824
553973
554215
554426
554541
554686
554719
554725
554777
554843
554969
555051
555064
555096
555178
555205
555258
555276
555354
555409
555505
555531
555593
555890
555944
555955
556018
556045
556067
556109
556216
556382
556513
556637
556638
556792
556825
556826
556953
556978
556979
557283
557322
557352
557449
557492
557507
557514
557532
557805
557818
557987
558024
558089
558289
558488
558500
558529
558555
558565
558579
558746
558770
558799
558858
558871
558873
558911
558981
558992
558995
559035
559091
559167
559177
559312
559362
559437
559438
559617
559755
559904
560215
560269
560342
560582
560615
560648
560784
561051
561129
561474
561714
561726
561773
561775
561889
561908
561962
561975
562047
562120
562135
562222
562295
562327
562331
562343
562361
562392
562440
562540
562579
562749
562922
563151
563230
563252
563292
563355
563388
563410
563433
563475
563512
563621
563638
563692
563694
563792
563824
563852
563901
563999
564012
564066
564221
564246
564561
564562
564948
564982
565082
565326
565398
565399
565762
565827
565925
566099
566169
566212
566279
566416
566469
566487
566522
566568
566586
567123
567196
567213
567294
567300
567353
567481
567504
567613
567643
567718
567803
567852
567857
567900
567912
567938
567984
568053
568352
568405
568507
568620
568691
568697
568715
568716
568733
568820
568822
568851
568946
569065
569373
569474
569487
569593
569701
569735
569830
570092
570096
570330
570476
570512
570593
570761
570772
570919
571154
571198
571258
571334
571415
571427
571502
571518
571521
571534
571589
571687
571708
571828
572031
572183
572291
572391
572401
572446
572539
572658
572660
572675
572736
572825
572831
572867
573121
573210
573250
573538
573584
573597
573629
573660
573760
573802
573807
573880
573891
573912
573955
573980
574030
574031
574219
574234
574349
574350
574350
574354
574404
574555
574662
574760
574790
574883
574915
574935
574965
575019
575133
575151
575294
575304
575348
575393
575399
575519
575528
575561
575597
575603
575685
575898
575941
576139
576276
576352
576431
576526
576546
576574
576650
576681
576874
576954
576957
576975
576989
577128
577196
577489
577516
577522
577972
578123
578140
578183
578264
578265
578504
578530
578549
578649
578692
578824
578960
579141
579394
579452
579565
579606
579656
579777
579796
579901
580086
580090
580122
580228
580317
580356
580443
580456
580512
580764
580800
580917
580982
581055
581168
581308
581441
581441
581604
581638
581672
581959
581979
582075
582156
582203
582325
582326
582363
582452
582647
582717
582763
582857
582895
582983
583131
583403
583457
583492
583673
583688
583698
583712
583761
583796
583828
583829
583864
583906
584032
584106
584164
584199
584228
584392
584459
584494
584523
584764
584767
584853
584930
584934
585014
585034
585084
585088
585184
585451
585602
585675
585709
585780
586033
586064
586101
586177
586179
586329
586516
586808
587004
587192
587524
587604
587612
587613
587631
587836
587893
587927
588025
588173
588258
588354
588383
588639
588866
588872
589035
589058
589094
589118
589254
589403
589432
589470
589518
589519
589574
590105
590132
590186
590225
590358
590361
590507
590729
590750
591070
591190
591191
591223
591259
591421
591444
591538
591558
591627
591629
591631
591642
591666
591724
591787
591945
592047
592073
592102
592158
592198
592298
592363
592372
592374
592513
592607
592626
592628
592918
592938
593011
593018
593033
593062
593176
593282
593645
593865
593867
593949
594087
594244
594496
594501
594555
594655
594839
594847
594909
595114
595167
595261
595273
595458
595477
595592
595703
595743
595745
595881
595894
595895
596027
596263
596303
596310
596382
596432
596440
596478
596562
596758
596789
596865
596881
597007
597131
597372
597461
597501
597549
597550
597667
597673
597760
597909
598001
598012
598055
598238
598282
598333
598561
598686
598870
598949
599035
599095
599133
599140
599189
599234
599281
599560
599706
599726
599746
599885
599892
600008
600189
600212
600231
600341
600387
600730
600763
600818
600962
600983
601001
601012
601038
601180
601234
601295
601324
601443
601467
601685
601771
601795
601874
601950
602095
602151
602299
602496
602607
602819
602955
603021
603091
603178
603237
603298
603382
603470
603535
603577
603609
603628
603673
603683
603743
604022
604047
604105
604232
604350
604588
604615
604698
604698
604830
604836
604851
604988
605032
605063
605257
605350
605389
605505
605544
605554
605892
605929
605994
606016
606048
606049
606082
606135
606135
606156
606211
606254
606301
606354
606463
606491
606495
606530
606578
606603
606843
607156
607192
607205
607332
607444
607489
607620
607676
607718
607797
607824
608089
608101
608162
608242
608368
608505
608551
608585
608597
608837
608854
608911
608966
608974
609030
609109
609410
609447
609476
609564
609720
609946
609961
609972
610031
610147
610574
610623
610640
610895
610900
610980
611015
611017
611205
611241
611311
611384
611529
611586
611636
611639
611710
611720
612187
612343
612494
612502
612515
612562
612583
612828
612836
612859
612872
612951
613141
613287
613288
613333
613511
613529
613542
613571
613645
613675
613739
613774
613882
614020
614108
614158
614178
614201
614316
614407
614618
614694
614943
614969
615243
615301
615303
615432
615539
615539
615631
615685
615758
615772
615808
615889
616014
616071
616094
616220
616341
616365
616444
616519
616653
616830
616857
616868
616922
616981
617043
617151
617243
617304
617427
617517
617734
617781
617816
617854
618000
618062
618064
618112
618185
618359
618444
618676
618748
618821
619041
619055
619497
619641
620068
620134
620587
620664
620704
620762
620872
620917
620993
621001
621061
621112
621245
621449
621471
621588
621627
621946
621950
621973
622023
622169
622242
622299
622314
622332
622378
622388
622507
622559
622672
622837
622957
623001
623014
623105
623221
623231
623347
623607
623641
623747
623763
623933
624029
624194
624550
624569
624752
624916
624994
625076
625107
625110
625122
625244
625413
625456
625483
625556
625700
625744
625837
625976
625996
626016
626211
626259
626278
626318
626429
626433
626556
626585
626592
626616
626688
626801
626981
627078
627125
627175
627311
627386
627517
627865
627931
627962
628079
628250
628266
628345
628439
628568
628593
628610
628630
628946
628976
629091
629333
629386
629476
629517
629542
629552
629710
629956
630107
630366
630394
630397
630441
630457
630473
630652
630770
630972
630995
631012
631051
631066
631132
631282
631307
631320
631356
631505
631553
631697
631878
632036
632128
632142
632155
632266
632318
632409
632519
632764
632788
632790
632895
633108
633132
633134
633242
633402
633717
633746
633848
633910
633992
634066
634078
634246
634397
634430
634474
634611
634632
634762
634813
634874
635242
635265
635272
635331
635493
635503
635541
635728
636022
636146
636322
636328
636443
636447
636557
636669
636806
636899
636906
636931
636957
636982
637041
637168
637253
637272
637343
637375
637770
637922
637994
638038
638251
638263
638279
638297
638432
638433
638501
638552
638718
638770
638933
638934
639062
639205
639273
639286
639292
639356
639539
639883
639960
640378
640399
640437
640467
640473
640523
640609
640641
640649
640703
640766
640779
640888
640912
640947
640955
641038
641082
641179
641254
641266
641389
641415
641607
641727
641779
641857
641968
642233
642262
642271
642318
642353
642381
642392
642472
642641
642667
642672
642768
642936
642955
643001
643161
643208
643233
643265
643289
643359
643394
643419
643879
643880
643893
643917
643959
643965
643969
644062
644173
644273
644284
644388
644509
644543
644646
644900
645095
645247
645284
645372
645396
645417
645690
645735
645792
645891
645891
646086
646154
646228
646243
646298
646326
646400
646469
646514
646614
646625
646658
646763
646819
646841
646857
646864
646937
646994
647068
647172
647253
647294
647383
647418
647563
647570
647597
647690
647735
647747
647793
647833
647872
647904
647907
647931
647940
647973
648045
648095
648194
648252
648300
648374
648538
648600
648647
648696
648803
648825
648907
648938
649125
649194
649359
649596
649608
649721
649860
649995
650074
650204
650220
650229
650272
650352
650484
650850
650950
650991
651332
651427
651861
651930
651955
651980
651993
652051
652059
652107
652117
652262
652283
652289
652310
652519
652521
652594
652721
652760
652933
653012
653077
653108
653142
653162
653227
653250
653311
653345
653436
653746
653756
653888
654062
654086
654124
654138
654464
654507
654509
654533
654593
654607
654611
654704
654883
655028
655057
655099
655161
655361
655415
655465
655504
655507
655622
655871
656015
656061
656070
656083
656175
656180
656202
656259
656364
656374
656463
656661
656736
656738
656974
657047
657092
657153
657374
657400
657520
657845
658003
658050
658146
658312
658395
658398
658543
658597
658598
658696
658696
659010
659082
659148
659240
659556
659601
659828
659890
659892
659969
659991
660059
660084
660090
660205
660213
660232
660277
660329
660432
660516
660604
660617
660633
660635
660716
660795
660846
661030
661058
661103
661112
661115
661129
661164
661337
661343
661361
661453
661734
661939
661941
661958
662436
662442
662467
662532
662597
662599
662615
662625
662644
662660
662726
662840
662922
662948
662960
662975
663069
663122
663308
663398
663466
663671
663730
663757
663778
664060
664116
664234
664293
664422
664500
664529
664577
664582
664736
664779
664780
664801
664923
664992
665045
665055
665110
665165
665199
665300
665333
665411
665431
665656
665678
665691
665862
665871
665874
665913
666126
666134
666252
666347
666460
666593
666610
666800
666823
666892
666909
667187
667200
667265
667385
667397
667441
667520
667617
667634
667681
667831
667861
667909
667967
667985
668215
668227
668267
668287
668301
668307
668354
668454
668483
668553
668553
668708
668898
668918
668962
668994
669006
669091
669092
669143
669209
669247
669384
669405
669451
669508
669599
669701
669736
669740
669774
669848
669887
670007
670038
670171
670179
670391
670392
670431
670607
670612
670709
670778
670896
671125
671525
671569
671642
671644
671653
671812
671882
671886
671920
671942
671957
671989
672010
672278
672345
672350
672431
672433
672575
672701
672724
672733
672811
672840
672906
672907
672999
673060
673080
673119
673150
673172
673262
673306
673333
673352
673373
673501
673543
673553
673583
673643
673679
673811
674032
674060
674067
674183
674214
674238
674382
674414
674566
674666
674889
674989
674998
675023
675453
675460
675599
675856
675904
675921
675930
676118
676136
676141
676291
676356
676597
676668
676794
676939
677092
677096
677118
677372
677463
677468
677511
677763
677848
677894
677934
677983
678037
678345
678500
678505
678523
678577
678618
678664
679012
679090
679263
679302
679412
679452
679481
679672
679677
679745
679783
679805
679820
679958
679994
680269
680293
680407
680413
680556
680663
680708
680791
681065
681137
681226
681367
681497
681568
681627
681659
681710
681789
681815
681850
681955
681973
682044
682235
682280
682299
682381
682401
682471
682475
682483
682565
682665
682688
682712
682758
682781
682800
682836
682898
683248
683249
683271
683439
683456
683481
683491
683681
683699
683744
683812
684347
684438
684559
684699
684718
684746
684903
684984
685337
685452
685457
685596
685652
685653
685657
685794
685806
685874
686038
686310
686540
686546
686580
686799
687018
687072
687097
687103
687222
687225
687401
687471
687489
687554
687565
687581
687835
688017
688024
688097
688228
688240
688241
688339
688353
688377
688421
688449
688464
688495
688554
688559
688587
688617
688720
688733
688780
689004
689074
689409
689412
689458
689555
689629
689775
689793
689947
689969
690079
690145
690178
690216
690248
690250
690457
690681
690761
690987
691314
691539
691559
691634
691762
691855
691930
691958
692049
692474
692582
692608
692755
692939
693002
693118
693257
693364
693375
693381
693468
693488
693532
693579
693610
693702
693879
694143
694199
694244
694294
694337
694339
694401
694471
694489
694562
694603
694769
694794
694900
694976
695002
695013
695052
695104
695166
695242
695285
695646
695872
695927
695998
696195
696220
696248
696261
696267
696377
696459
696464
696629
696662
696672
696827
696905
696918
696965
697205
697284
697397
697398
697427
697451
697648
697908
697911
697962
698063
698093
698155
698172
698172
698278
698282
698329
698598
698669
698715
698762
698790
698809
698819
698907
699015
699163
699209
699219
699272
699392
699462
699611
699795
699800
699959
700082
700144
700281
700305
700403
700405
700537
700541
700565
700630
700741
700792
700938
701019
701325
701331
701714
701755
701946
702002
702003
702003
702186
702236
702239
702494
702630
702676
702680
702825
702861
702914
702977
703033
703159
703250
703282
703386
703485
703548
703625
703684
703698
703699
703850
703914
703955
704049
704051
704057
704109
704207
704263
704342
704631
704833
704883
704941
704975
704983
705200
705357
705474
705502
705530
705711
705884
705901
705920
706185
706400
706419
706421
706682
706704
706795
706863
706897
707116
707267
707368
707380
707412
707443
707503
707519
707554
707689
707735
707904
707910
708031
708166
708230
708243
708352
708460
708578
708706
708740
708848
708982
709005
709042
709064
709148
709254
709286
709311
709331
709339
709541
709788
709813
709870
709894
709916
709929
709932
710202
710247
710253
710300
710744
710758
710870
711165
711292
711297
711365
711632
711639
711917
712098
712133
712139
712145
712231
712409
712420
712420
712457
712615
712720
712782
712835
712921
713116
713123
713166
713509
713509
713558
713645
713817
713923
713972
714074
714075
714081
714154
714243
714248
714263
714398
714401
714497
714761
714860
715012
715137
715253
715367
715418
715494
715559
715646
715721
715728
715824
715948
715987
716018
716212
716305
716360
716511
716741
716878
716987
717057
717118
717225
717238
717263
717279
717402
717674
717719
717749
717890
717922
718076
718103
718109
718142
718248
718348
718479
718551
718836
718912
718924
718935
718990
719147
719251
719288
719306
719324
719392
719454
719538
719588
719683
719695
719735
719736
719773
719998
720043
720069
720139
720147
720172
720331
720472
720549
720627
720637
720669
720834
720859
720897
721037
721209
721317
721320
721422
721607
721671
721739
721791
721887
722278
722343
722398
722431
722498
722603
722804
722809
722929
722955
722981
723027
723027
723108
723141
723238
723265
723336
723491
723568
723572
723641
723646
723693
723739
723807
723840
723866
723933
724069
724240
724265
724403
724500
724502
724522
724560
724593
724656
724851
724945
725087
725153
725202
725260
725268
725341
725471
725578
725615
725621
725659
725994
726115
726170
726174
726582
726599
726672
726701
726784
726965
726967
727055
727206
727231
727258
727265
727302
727336
727379
727414
727457
727563
727565
727569
727738
727751
728010
728186
728340
728346
728433
728440
728745
728787
728829
728872
728903
728996
729038
729122
729140
729314
729374
729377
729515
729619
729650
729777
729803
729886
729934
729956
730213
730317
730355
730421
730593
730617
730639
730715
730742
730788
730809
730819
730913
730914
730934
730968
731184
731335
731365
731544
731610
731685
731718
731765
731777
732033
732199
732201
732315
732338
732348
732496
732506
732658
732832
732896
732903
733029
733165
733194
733406
733437
733462
733575
733592
733804
733849
733872
733877
734004
734048
734065
734167
734200
734289
734325
734491
734552
734562
734619
734764
734782
734913
735087
735118
735122
735152
735177
735260
735294
735351
735564
735596
735713
735751
735770
735896
736280
736404
736617
736628
736729
736778
736831
736930
736965
737076
737088
737092
737276
737341
737432
737433
737478
737507
737558
737561
737586
737602
737690
737724
737743
737748
738312
738410
738462
738470
738621
738665
738681
738704
738780
738938
739094
739110
739160
739210
739426
739432
739614
739810
739862
739945
740137
740179
740193
740545
740634
740648
740662
740699
740924
741054
741121
741154
741166
741171
741321
741687
741753
741843
741984
742036
742135
742263
742439
742461
742561
742569
742577
742607
742646
742878
743008
743076
743135
743200
743390
743452
743515
743531
743591
743681
743709
743776
743900
743910
743937
744003
744202
744536
744570
744622
744789
744893
744915
744918
744954
744958
745120
745156
745177
745363
745492
745536
745581
745603
745638
745701
745942
746009
746128
746155
746156
746271
746310
746352
746550
746677
746690
746742
746774
746807
746826
746864
746939
746989
747122
747272
747385
747424
747424
747678
747707
747828
747861
747907
747911
748152
748303
748335
748565
748588
748679
748679
748680
748739
748826
748841
748921
749153
749168
749369
749408
749477
749555
749584
749611
749700
749734
749740
749760
749866
749992
750127
750728
750775
750793
750910
751226
751403
751461
751539
751636
751735
751775
751908
752102
752281
752321
752324
752362
752456
752578
752644
752646
752689
752776
752788
752789
753027
753076
753077
753117
753122
753123
753199
753368
753399
753645
753655
753738
753794
753889
753982
754086
754240
754262
754443
754539
754587
754669
754723
754766
754870
754983
755122
755426
755522
755554
755619
755635
755676
755886
755907
756025
756112
756130
756231
756552
756561
756614
756645
756667
756703
756706
756751
756767
756877
756899
757041
757111
757153
757273
757289
757302
757379
757461
757540
757560
757583
757598
757605
757703
757787
757795
757858
757905
757908
757947
757975
758162
758229
758253
758368
758425
758429
758474
758705
758898
758912
759002
759009
759015
759026
759217
759236
759251
759273
759590
759863
759918
759950
760173
760217
760241
760307
760316
760444
760459
760461
760591
760694
760868
760879
761179
761347
761423
761496
761511
761539
761673
761785
761881
761900
761965
762200
762272
762375
762502
762532
762533
762536
762658
762728
762753
762799
762832
762996
763133
763140
763172
763265
763328
763377
763451
763481
763692
763700
763754
763984
764010
764178
764285
764302
764501
764605
764644
764829
764862
764884
764902
764955
765066
765102
765128
765215
765457
765509
765534
765590
765613
765815
765957
766009
766034
766140
766265
766291
766334
766515
766560
766626
766646
766691
766738
766796
766928
767045
767050
767067
767103
767134
767250
767299
767317
767384
767438
767460
767645
767659
767795
767881
767933
768043
768136
768175
768193
768206
768218
768464
768563
768660
768724
768847
768872
768893
769108
769596
769597
769654
769966
769978
769990
770037
770086
770346
770394
770455
770490
770553
770634
770641
770731
770909
771034
771045
771224
771248
771352
771362
771431
771500
771502
771537
771664
771725
771730
771841
772058
772171
772210
772242
772523
772825
772827
773004
773131
773233
773269
773410
773436
773446
773468
773545
773554
773643
773688
773705
773774
774001
774116
774156
774223
774355
774373
774392
774536
774665
774710
774714
774752
774753
774804
774922
774987
775048
775107
775123
775200
775339
775630
775779
775943
776101
776194
776256
776341
776395
776401
776437
776511
776515
776553
776607
776683
776817
776963
777007
777011
777132
777252
777269
777303
777459
777505
777544
777632
777727
777737
777756
777782
777898
778013
778016
778023
778081
778169
778196
778503
778603
778854
778892
779117
779172
779262
779275
779304
779385
779481
779546
779581
779681
779682
779702
779717
779754
779759
779831
779837
779888
780146
780162
780181
780223
780270
780401
780425
780558
780592
780643
780692
780693
780796
780832
780887
780911
780925
780936
781093
781122
781158
781164
781252
781274
781352
781547
781667
781823
781855
782146
782194
782243
782283
782309
782371
782376
782456
782471
782567
782596
782634
782710
782974
783204
783294
783365
783413
783559
783605
783609
783616
783625
783781
783802
783868
783925
783932
783969
784039
784126
784465
784527
784704
784751
784898
784959
785056
785107
785178
785229
785271
785321
785330
785612
785748
785797
785841
785866
785989
786058
786066
786085
786417
786426
786674
786686
786832
786838
786974
787147
787427
787456
787484
787612
787621
787631
787798
787880
788034
788222
788293
788310
788336
788349
788399
788453
788468
788661
788667
788822
788973
789166
789186
789299
789310
789348
789365
789404
789444
789518
789625
789631
789725
789747
789760
790148
790305
790317
790367
790419
790641
790714
790717
790856
790883
790909
790924
791038
791476
791674
791682
791790
791923
791925
791925
792013
792199
792257
792296
792302
792429
792502
792627
792689
792769
793244
793273
793273
793409
793679
793838
793904
794058
794171
794202
794212
794347
794664
794774
794805
794815
794842
794958
794969
795004
795251
795403
795487
795631
795706
795707
795746
795941
796000
796013
796039
796267
796313
796421
796457
796546
796980
796982
797083
797121
797146
797399
797443
797487
797521
797539
797650
797656
797661
797685
797882
797937
798002
798071
798310
798340
798401
798411
798543
798600
798766
798766
798791
798859
798952
799214
799256
799305
799565
799651
799684
799714
799757
799789
799847
799961
799965
800071
800218
800262
800475
800682
800727
800879
800912
800949
801000
801022
801060
801146
801215
801252
801267
801333
801503
801557
801571
801592
801624
801705
801714
801810
801936
801942
802046
802105
802122
802190
802235
802274
802396
802494
802603
802629
802639
802771
802772
802857
802941
802986
802987
803057
803107
803182
803507
803512
803561
803672
803722
803737
803823
803847
803908
803945
804004
804296
804318
804463
804671
804694
804824
804866
804915
804961
805009
805067
805071
805093
805203
805334
805399
805418
805519
805708
805785
805863
805892
806008
806057
806165
806175
806234
806257
806325
806553
806691
806762
806771
807231
807389
807413
807487
807528
807547
807670
807760
807829
808023
808207
808231
808275
808301
808306
808310
808380
808477
808592
808662
808688
808781
808878
808911
808937
808986
809026
809133
809170
809190
809247
809282
809293
809334
809344
809377
809438
809545
809578
809589
809614
809672
809757
809836
810053
810152
810366
810384
810450
810513
810666
810711
810883
810902
811115
811254
811477
811514
811531
811593
811646
811948
811963
811968
812082
812188
812266
812373
812463
812526
812581
812765
812768
812805
812834
812894
812905
812961
813029
813255
813369
813695
813699
813785
814073
814174
814217
814268
814276
814289
814345
814419
814434
814437
814504
814544
814553
814578
814587
814739
814793
814816
815093
815135
815240
815258
815295
815381
815399
815491
815862
815948
815973
816004
816078
816091
816094
816353
816448
816522
816534
816587
816669
816679
816907
816911
816938
817199
817320
817347
817358
817674
817678
817837
817881
817885
817922
818065
818179
818594
818702
818826
819085
819096
819155
819214
819290
819304
819397
819432
819601
819627
819729
819825
819860
820034
820105
820253
820298
820373
820465
820651
820824
820925
821009
821023
821091
821123
821270
821286
821301
821338
821383
821435
821525
821672
821901
822034
822223
822277
822382
822424
822461
822608
822625
822785
822907
822950
822965
823001
823015
823174
823344
823440
823599
823692
823800
824137
824216
824270
824322
824355
824372
824624
824704
824888
824943
825055
825059
825075
825212
825216
825250
825263
825439
825453
825486
825506
825587
825624
825737
825770
825806
825876
826019
826379
826421
826434
826612
826625
826746
826794
826804
826814
826878
826913
826945
826954
826976
826983
827024
827069
827140
827162
827206
827319
827427
827499
827688
827878
828224
828294
828309
828472
828478
828825
828916
829003
829108
829170
829198
829380
829696
829862
829893
829903
829920
830003
830009
830263
830422
830435
830571
830690
830939
830959
830967
831003
831170
831223
831300
831380
831456
831470
831765
831821
831950
832349
832583
832589
832685
832693
832888
832905
833017
833084
833218
833233
833493
833519
833755
834123
834204
834213
834228
834274
834292
834316
834489
834628
834657
834722
834828
834983
835006
835129
835172
835351
835378
835497
835581
835648
835690
835807
835811
835874
835874
835956
836008
836096
836104
836139
836275
836307
836339
836382
836508
836566
836673
836890
836909
837017
837082
837172
837425
837650
837731
838016
838116
838263
838366
838401
838516
838527
838792
838950
839064
839279
839329
839382
839709
839713
839739
839798
839866
840041
840079
840130
840179
840250
840358
840762
840775
840804
841505
841576
841578
841596
841690
841760
841950
842111
842188
842206
842273
842287
842294
842438
842472
842600
842647
842794
842976
843012
843035
843046
843158
843226
843400
843408
843512
843689
843693
843811
843909
844189
844333
844416
844489
844656
844850
844890
844949
845108
845163
845331
845581
845590
845747
845769
845853
845872
845940
845953
845989
846034
846164
846165
846196
846263
846519
846531
846674
846797
846832
846982
846988
846998
847000
847046
847151
847421
847508
847511
847626
847706
847723
847765
847884
847917
847995
848074
848378
848434
848857
849062
849407
849435
849461
849484
849511
849525
849530
849851
850013
850031
850054
850076
850182
850191
850241
850319
850536
850540
850566
850615
850738
850781
850856
851028
851052
851055
851140
851159
851189
851248
851328
851445
851518
851600
851770
851809
851837
851839
851883
852312
852382
852455
852462
852548
852658
852735
852841
852853
852859
852962
853099
853254
853298
853328
853365
853383
853525
853534
853663
853884
853929
853989
854040
854078
854093
854096
854212
854277
854305
854309
854377
854501
854608
854621
854927
855231
855267
855355
855372
855391
855405
855467
855523
855544
855556
855631
855638
855647
856009
856024
856026
856197
856268
856315
856334
856352
856442
856444
856486
856497
856520
856545
856661
856888
856917
856999
857108
857112
857148
857183
857201
857341
857387
857423
857481
857604
857607
857612
857792
857838
857907
857987
858058
858212
858299
858308
858377
858416
858424
858541
858594
858598
858610
858630
858661
858759
858818
858881
858968
859024
859040
859122
859176
859259
859318
859503
859538
859554
859624
859656
859797
859960
859975
860034
860091
860176
860249
860380
860613
860686
860707
860948
861123
861206
861338
861345
861417
861554
861659
861784
861892
862101
862164
862305
862327
862454
862644
862943
863012
863290
863338
863419
863444
863451
863605
863673
863759
863786
863920
863930
864043
864044
864303
864309
864401
864412
864575
864615
864704
864705
864866
864950
864993
865258
865345
865458
865548
865724
865864
865908
866058
866182
866264
866318
866471
866488
866921
866959
867052
867053
867158
867169
867291
867364
867425
867441
867450
867492
867536
867578
867655
867679
867703
867708
867712
867776
867797
867820
867831
868214
868363
868454
868573
868635
868656
868823
868842
868976
869033
869079
869168
869199
869307
869345
869487
869549
869805
869810
869949
870084
870117
870136
870170
870295
870308
870423
870496
870533
870601
870783
870785
870792
870837
870910
871003
871276
871328
871333
871375
871392
871411
871738
871985
872100
872175
872206
872219
872255
872376
872391
872406
872503
872510
872659
872698
872811
872912
873191
873418
873453
873457
873484
873602
873706
873750
873754
873897
874119
874184
874298
874517
874525
874569
874845
875026
875115
875398
875461
875556
875587
875600
875626
875671
875827
875868
875898
875916
875982
876004
876053
876169
876202
876222
876266
876555
876765
876807
876813
876888
877121
877129
877350
877423
877528
877557
877574
877611
877697
877751
877754
877758
877769
877776
877780
877886
877927
877955
877987
878046
878053
878218
878277
878319
878436
878540
878582
878616
878775
878786
878802
878977
879017
879041
879118
879119
879192
879227
879252
879355
879408
879492
879622
879630
879631
879669
879722
879726
879804
879809
879841
879845
879996
880035
880072
880082
880208
880288
880291
880314
880354
880437
880499
880505
880576
880592
880903
881050
881166
881246
881312
881338
881406
881528
881539
881567
881934
881937
881940
882062
882175
882286
882351
882368
882457
882496
882590
882606
882730
882734
882760
882762
882848
882871
883095
883112
883162
883164
883253
883363
883450
883470
883560
883665
883673
883673
883768
883786
883793
883850
883933
883948
884065
884213
884293
884373
884469
884593
884839
884949
885084
885138
885145
885161
885496
885537
885643
885677
885732
885750
885933
885941
885969
885995
886044
886071
886100
886147
886904
886912
886948
886988
887206
887274
887376
887482
887497
887640
887669
887718
887770
887996
888007
888217
888222
888250
888268
888420
888437
888813
888923
888938
888986
888993
889060
889093
889107
889127
889156
889186
889325
889428
889611
889682
889721
889794
889844
889972
889977
890000
890035
890142
890283
890293
890338
890405
890490
890559
890610
890659
890705
890841
890859
890877
890894
891005
891098
891398
891557
891733
891747
891926
891968
891970
892079
892195
892295
892412
892477
892654
892663
892699
892764
892864
892932
892962
893026
893218
893232
893461
893479
893487
893579
893599
893809
893941
894112
894172
894226
894301
894482
894576
894718
894748
894838
894941
894997
895098
895107
895156
895234
895313
895397
895404
895546
895583
895641
895698
895715
895861
896099
896239
896244
896292
896294
896321
896560
896589
896703
896914
897029
897190
897411
897483
897540
897614
897675
897915
898012
898251
898283
898417
898491
898581
898679
898716
898748
898751
898937
898947
898989
899051
899060
899158
899296
899316
899320
899423
899451
899780
899935
899997
900151
900368
900522
900568
900572
900624
900657
900749
900763
900829
901071
901096
901201
901279
901321
901647
901650
901656
901715
901753
902004
902063
902161
902213
902878
902924
903001
903028
903451
903511
903592
903673
903699
904087
904179
904218
904239
904299
904307
904316
904478
904546
904560
904596
904682
904788
904930
904968
904970
905016
905122
905240
905265
905282
905356
905401
905575
905578
905618
905796
905813
905887
905913
906055
906087
906191
906213
906273
906324
906374
906454
906484
906840
906915
906948
907036
907094
907176
907297
907446
907570
907653
907715
907750
907765
907816
907976
907982
908032
908047
908093
908156
908167
908185
908311
908535
908728
908766
908794
908825
908920
908970
909111
909222
909229
909368
909406
909459
909468
909547
909593
909643
909747
910079
910104
910126
910195
910206
910597
910646
910697
910816
910848
910986
911098
911162
911349
911361
911398
911441
911581
911593
911727
911825
911882
912020
912061
912132
912228
912280
912364
912365
912372
912374
912480
912596
912695
912699
912761
912797
912825
912868
912956
913087
913167
913197
913254
913273
913282
913521
913716
913733
913743
913972
914273
914283
914287
914428
914436
914487
914659
914692
914762
914765
914948
915080
915115
915362
915379
915509
915549
915589
915816
915871
915957
916185
916197
916327
916380
916437
916455
916538
916627
916834
916889
917027
917037
917067
917206
917259
917615
917650
917684
917874
917946
917992
918025
918176
918198
918333
918350
918414
918479
918605
918804
918830
918834
918913
918932
918942
919042
919046
919092
919126
919166
919264
919334
919417
919437
919707
919813
919847
919888
920036
920398
920641
920703
920824
921018
921042
921089
921129
921287
921365
921474
921485
921506
921515
921696
921749
921752
921785
921798
921819
921854
922027
922352
922415
922450
922572
922770
922771
922819
922972
923114
923116
923182
923309
923334
923341
923491
923522
923541
923601
923616
923657
923938
924144
924161
924173
924262
924338
924373
924388
924392
924537
924574
924651
924663
924667
924693
924817
924887
925001
925805
925851
925856
925939
926343
926491
926558
926587
926629
926819
926828
926863
926869
926930
927095
927145
927153
927183
927330
927365
927389
927501
927775
927792
927968
928031
928048
928315
928473
928541
928575
928580
928649
928722
928769
928776
928820
928961
929166
929182
929377
929381
929395
929630
929714
929743
929805
930009
930012
930059
930070
930131
930197
930637
930705
930727
930853
930919
930937
931053
931350
931385
931525
931542
931567
931630
931652
931677
931729
931926
932045
932136
932149
932199
932305
932494
932616
932855
932864
932925
933173
933178
933361
933380
933533
933596
933665
933670
933730
933806
933872
934089
934114
934149
934206
934221
934234
934427
934464
934534
934558
934580
934638
934670
934709
934721
934892
934893
934940
935015
935254
935275
935381
935405
935487
935635
935698
935828
935997
936028
936045
936116
936117
936167
936173
936247
936422
936579
936901
936905
936922
936994
937092
937106
937128
937565
937619
937628
937839
937883
937997
938254
938374
938425
938440
938459
938528
938656
938673
938700
938701
938742
938849
938960
938977
939169
939194
939198
939347
939484
939497
939528
939543
939699
939783
939833
939932
940196
940197
940225
940324
940411
940593
940677
940783
940929
941112
941215
941220
941275
941283
941356
941396
941406
941496
941699
941723
941742
941772
941823
941842
941922
941964
941980
942029
942049
942095
942132
942285
942335
942354
942359
942406
942442
942448
942455
942562
942622
942733
942772
942841
942963
942996
943005
943057
943286
943407
943471
943558
943706
943709
943807
943875
943920
944124
944138
944350
944454
944657
944667
944703
944756
944775
944876
945026
945094
945111
945124
945278
945368
945448
945456
945505
945547
945679
945718
945718
945737
946156
946160
946492
946608
946876
946980
947002
947068
947069
947129
947149
947275
947394
947496
947566
948027
948062
948173
948255
948301
948326
948334
948417
948571
948577
948598
948648
948701
948764
948840
948861
948900
948961
949194
949209
949304
949360
949479
949490
949651
949663
949815
949864
950019
950048
950185
950235
950260
950398
950472
950568
950663
950755
950763
950773
950835
950862
950905
950924
950954
951252
951571
951664
951792
952040
952105
952176
952263
952306
952374
952476
952604
952717
952800
952961
953046
953170
953207
953276
953347
953396
953486
953528
953606
953618
953728
953771
953772
953816
953885
953894
953950
954083
954138
954189
954202
954339
954352
954355
954468
954545
954556
954641
954706
954716
954726
954728
954792
955002
955273
955403
955488
955590
955627
955703
955823
955945
955973
956061
956231
956294
956393
956460
956550
956585
956678
956701
956847
956863
957068
957140
957224
957250
957409
957522
957630
957755
957834
958123
958148
958187
958191
958288
958398
958543
958546
958602
958646
958744
958899
959023
959036
959083
959303
959404
959480
959608
959644
959724
959808
959822
959902
960028
960105
960121
960121
960253
960357
960525
960600
960688
960828
960834
961226
961231
961241
961409
961467
961546
961571
961624
961629
961682
961813
962074
962380
962393
962482
962565
962688
962710
962875
962889
962901
963334
963371
963530
963742
963804
963896
963975
964026
964164
964332
964378
964446
964454
964560
964627
964666
964715
964780
964786
964807
964824
964882
965061
965224
965245
965318
965401
965427
965511
965536
965628
965764
965908
966086
966201
966539
967003
967167
967459
967904
968034
968048
968115
968300
968369
968447
968531
968581
968669
968673
968734
968749
968757
968780
968780
968798
968934
968966
968971
968986
969029
969037
969124
969244
969528
969535
969572
969834
969836
969843
969847
969891
970046
970192
970312
970459
970514
970790
970814
970817
970820
970849
970990
971184
971202
971296
971362
971423
971469
971475
971572
971625
971684
971831
971868
971920
972042
972112
972181
972200
972294
972430
972584
972601
972741
972749
972996
973018
973256
973321
973387
973471
973499
973812
973910
973971
974377
974481
974492
974493
974517
974688
974940
974979
975012
975061
975266
975324
975454
975612
975655
975688
975906
976020
976053
976128
976255
976272
976375
976495
976714
976723
976836
976895
977257
977291
977469
977513
977622
977680
977744
977853
977933
977940
978117
978213
978314
978315
978391
978517
978542
978711
978723
978788
978904
978958
979023
979044
979179
979522
979592
979610
979679
979690
979697
979705
979737
979844
979966
980019
980033
980053
980299
980432
980452
980600
980611
980874
980922
980930
980950
980956
981008
981028
981044
981072
981134
981258
981299
981338
981444
981505
981536
981558
981705
981785
981797
981835
982034
982074
982406
982630
982651
982734
982774
982784
982803
982902
982932
983056
983090
983451
983480
983645
983785
983818
983841
984025
984028
984030
984106
984334
984336
984590
984668
984769
985021
985190
985239
985245
985251
985380
985408
985656
985834
986021
986147
986250
986320
986528
986654
987032
987132
987337
987375
987656
987928
988568
988582
988844
988857
988885
989003
989058
989096
989331
989414
989432
989537
989567
989575
989579
989661
989665
989752
989813
989880
990015
990108
990164
990191
990217
990307
990344
990465
990511
990564
990605
990637
990646
990720
990801
990969
990981
991134
991335
991461
991528
991573
991631
991704
991748
991798
991802
991901
991930
992049
992133
992244
992254
992274
992293
992305
992338
992461
992608
992656
992938
992963
992998
993074
993108
993128
993144
993300
993327
993405
993471
993607
993841
993902
993985
993999
994166
994271
994370
994487
994499
994507
994596
994676
994693
994703
994710
995166
995426
995453
995648
995720
995791
996017
996186
996304
996340
996382
996479
996500
996547
996653
996718
996763
996827
996947
997112
997136
997291
997589
997685
997860
997897
997924
997942
997961
998011
998088
998097
998134
998263
998331
998423
998441
998461
998552
998583
998699
998741
998763
998835
998867
999156
999157
999218
999310
999311
999572
999642
999652
999689
999753
999950
999980